,timestamp,Date,epoch,asset,opened_at,owner,iasset_staked
0,1705614300,2024-01-18,462,iETH,1672963428,198836d653f267dfed06bd383b80539c50f3ab6d6e7e0de11d9b723e,852
1,1705614300,2024-01-18,462,iETH,1672974498,43b8e3375ecf90169230d91ce92863d0b041ed4c8668cc87d17ea980,4152
2,1705614300,2024-01-18,462,iETH,1673525561,4199f4bb58f9b3c60dec5310a8326d46c90318b83d2e96ff45f30bf1,29
3,1705614300,2024-01-18,462,iETH,1673468278,f9f1d44d00b15f63b1aac48dd4e3b4738bec1c79cef84b67ef5c69e4,464
4,1705614300,2024-01-18,462,iETH,1673239621,bdb8c089708bb3dd3c626bb9a286a3aacbf77517b9643161db4a1452,76
5,1705614300,2024-01-18,462,iETH,1673191528,117a220650f577db973565412c705745e0cac69c796d137e977267a0,1
6,1705614300,2024-01-18,462,iETH,1673001704,ad122b9fa3ab86495712afd2a6f655430427c2cf21a54fd0c8fe8e63,89679
7,1705614300,2024-01-18,462,iETH,1676010477,2e1573f020d7dc42fb1befd459287f0e620fb799cee111e43c50d676,13584
8,1705614300,2024-01-18,462,iETH,1673039068,5016a30bc3c1a609d20be6cd2ea1f87bf5b49bcf2f8ecdb1d21cceff,1
9,1705614300,2024-01-18,462,iETH,1677954161,435ac6984516a80bf6a9e7d16ba8431add7b4f44083131ab8dce0097,102073
10,1705614300,2024-01-18,462,iETH,1678154289,8b542601309e158b422074b4a53ec9aa0f09a0b50f58bce55a68b4a0,19434
11,1705614300,2024-01-18,462,iETH,1678422827,6efc2b7d458837222c6305866822d7d3039f9b436dc7eeda2ebabd4e,6017
12,1705614300,2024-01-18,462,iETH,1674979085,ce6885bef0ae899503bec94142f5c2d8f8d25973ddb50e1c5dca5c1e,1003
13,1705614300,2024-01-18,462,iETH,1676472427,7bfcb0b4a3974232c21fe4440a2befb5aff58093e9582c9d447c1e0d,526
14,1705614300,2024-01-18,462,iETH,1680091680,93fb8feafbe7b27f8ccddb6c42676e5c85698c605c6627728507d8fc,696
15,1705614300,2024-01-18,462,iETH,1680287933,19c1be2fd0ce6e32cde0185dd60a56edc288d8de6243c1ca4e569f51,95
16,1705614300,2024-01-18,462,iETH,1680472793,d1b4a2e733c66382f3c60bf7a43803b57e44c07d5efe87bf8c4185ee,98664
17,1705614300,2024-01-18,462,iETH,1680526573,70412db01246a610b0e448401967f8c79afad0c1eda5cc75b2c252f7,1316
18,1705614300,2024-01-18,462,iETH,1680977908,875b60897b0b855c13d7cab2fa168fe63bce45ed7e657bdd951b5972,42596
19,1705614300,2024-01-18,462,iETH,1681286315,84e650cc71a2cc4a1e57241565b32d0b24ba3ed2a8726bbd11c76ef7,19902
20,1705614300,2024-01-18,462,iETH,1678960819,4e5426811df99e191ae0bc3eca64836e561a07d1623b16f94828240b,3
21,1705614300,2024-01-18,462,iETH,1675902285,2b3f8ce415f63a81454d53882a00a4d2225e1284c257a8b14ecb4c22,2
22,1705614300,2024-01-18,462,iETH,1679242215,aa67df191de68ac9224c3425b62b628becbb3d001d0ba78f1dacac4e,17
23,1705614300,2024-01-18,462,iETH,1682654734,38182d9874dbabb161ffff5e21c81a58b8134ff7f34f2407903dba6c,6717
24,1705614300,2024-01-18,462,iETH,1682819898,a179c06273cc4b1676137e136a2ef23e7cf4a3ea8b07f359a13f88a2,5483
25,1705614300,2024-01-18,462,iETH,1676542578,8d995bf956bbf2a69b6549ca3a6830e9292b0d2641e9fa520d0f294d,132600
26,1705614300,2024-01-18,462,iETH,1683481411,afd3aaa6c6cff952df201e8b6aa2e2e06e080f61f9fcbabc1997b42b,126699
27,1705614300,2024-01-18,462,iETH,1683522991,57e5858c1df6db74f151486eedd33dec6790c38e79d12b69e2add37e,66971
28,1705614300,2024-01-18,462,iETH,1684400957,206d0b9f1190d040970e6a139ec20333570c9f73098ab4f8c5772536,38625
29,1705614300,2024-01-18,462,iETH,1684439476,241ecd4e529840fd1d3c3a44abf3e5f3d65c6312fa1203025234ade4,6276
30,1705614300,2024-01-18,462,iETH,1680588771,7bca37d84a32420442867cc57a31d617763def3c9963f639c58ff001,315857
31,1705614300,2024-01-18,462,iETH,1684791156,9913007f4d5d7d0bdfde593a74f1cc948368d29881aa3efab60a6338,38575
32,1705614300,2024-01-18,462,iETH,1682932359,8bb170899ad086aaf786240e8429aaae18448301ad0d2ab068d38f4a,1
33,1705614300,2024-01-18,462,iETH,1685796144,c8ca667b94b226c0400fc4f3f8ce935ef841edd752b09fbf28b1cb16,10
34,1705614300,2024-01-18,462,iETH,1685919732,84b2dddf4357c2589e7d431a055e3b0db4149b94240c63ecb1b676f2,13162375
35,1705614300,2024-01-18,462,iETH,1686005851,6d6912b202d92f19e9b506ce91eb315f764d0eb5aaf86598b6408dd0,32917
36,1705614300,2024-01-18,462,iETH,1675735940,243143a1edf725605b078e3660ccf3ef4811e54ce8d70b04ae15a4b0,181
37,1705614300,2024-01-18,462,iETH,1680609118,ed3ceb224858d2a44bcae5c64c3f96bc3e80d85bc3347c5f156ae7ff,1
38,1705614300,2024-01-18,462,iETH,1676343279,4cb2eb343a9f29be1c2550732c532cf3d2a846cce4b12691379bdc70,10183
39,1705614300,2024-01-18,462,iETH,1676050647,73a2384cb145aa11ef7c996728c5715f87b007368e1a4769853927ee,8787569
40,1705614300,2024-01-18,462,iETH,1684527896,cef48e82717f374be93b1e5bccad65b68e9403e57dcec8f251b35455,63387620
41,1705614300,2024-01-18,462,iETH,1679244181,fc5543c66855df3872fc1c6bedbd95bb592feb158a7656d0964358b1,16679
42,1705614300,2024-01-18,462,iETH,1684408128,476b50ba222061304df4ef1e7da2a370fc1a452f4100e862d5555269,34034
43,1705614300,2024-01-18,462,iETH,1685086804,d2a9e3449671da65c467670745d3d5ba2f2f261187808191a95710cf,22441
44,1705614300,2024-01-18,462,iETH,1683015687,9a278ffaf46bf70581b4d7914236ad05ee20ee98c7c73158bbc60a3b,48641
45,1705614300,2024-01-18,462,iETH,1684426500,d4da2d85527b6622fb0dfae1fda83de879b7cd969bf5ff96e9ba3aa6,351287
46,1705614300,2024-01-18,462,iETH,1686674974,aceab5cd6d083ab7388b8487f260c514770460bd9809196d455c7150,700771
47,1705614300,2024-01-18,462,iETH,1680229137,dbf62020c6e458cd78ab8e4726fbc766b60c9a473918a5afb8784f4f,19609
48,1705614300,2024-01-18,462,iETH,1673108159,a4bb846ef68110900c05f24352c1648db506ec921bf6011e61e01684,73059
49,1705614300,2024-01-18,462,iETH,1679981939,73064ed9d446fe559dea6a5c0484f4c4876d91e1d7442109f6815770,3
50,1705614300,2024-01-18,462,iETH,1686806200,cd193a0e787cfd42924e2432b5d4b74a19c1bdcb210d44faa6ed875b,51707
51,1705614300,2024-01-18,462,iETH,1686936343,0cdd12ae3e182cc9ce56f55e17b6ae78cd48110aa592163b39ba5b03,20006
52,1705614300,2024-01-18,462,iETH,1686896455,144a91af110e1f266e04a5fc28a41d897523570b8c8ca12724be3b64,38648
53,1705614300,2024-01-18,462,iETH,1687070986,2d8e47435b0c86ffc07f8c45272929148631ba923e3e24abd49c7d62,5616
54,1705614300,2024-01-18,462,iETH,1685086037,138e6f1324b88fc7e3c520e1ce26fb28d0fd99871c45b0e83c80f900,96195
55,1705614300,2024-01-18,462,iETH,1686098087,11b4ac68cf0d110247dc7d2bc139c92fd7a21af0a798a913e06fecd1,53534
56,1705614300,2024-01-18,462,iETH,1687294509,76bd0706659b380bf2acb2259850bdd90488151424877d178eaa4c2d,26624
57,1705614300,2024-01-18,462,iETH,1687301688,9147f0988a1efd942134a43aaab625d1ff84f6be971c676a2d7d907c,22238
58,1705614300,2024-01-18,462,iETH,1687317351,c1847df694146357cb67166b11ec706348cb02d268b09c7ca0567a2a,1
59,1705614300,2024-01-18,462,iETH,1687628001,343a6e2b66f769abf99ad58bc6425690fd647ea7221a738a55d94bd6,19313
60,1705614300,2024-01-18,462,iETH,1687745668,2387805ec55905b81396a1744734c4695abaaf620a73e88092018f58,26104
61,1705614300,2024-01-18,462,iETH,1682956338,0906bc9e7c5e11ffa7933e391b3eac7386660467616399958c62e606,3033
62,1705614300,2024-01-18,462,iETH,1679782388,bd584b825b8ea2a3c6756ada80f881936d174cd8935edeefbff34723,4283
63,1705614300,2024-01-18,462,iETH,1688148915,786de79ca4b4c908980fc370c9089196933c2733c12eb95186b97406,281297
64,1705614300,2024-01-18,462,iETH,1688173810,f08a2242c6a6353ea38c9316dc478cad0d5e53eef6c1833e763eb33d,2114
65,1705614300,2024-01-18,462,iETH,1688202706,332640ca63bf1c45ca8f5beafe24f3e68887f052b3a03914e2efd235,2056
66,1705614300,2024-01-18,462,iETH,1686496931,2d7f83bee28f29bf82eb41de3d59674e71af6a2faf3cce9eb95d6026,48504
67,1705614300,2024-01-18,462,iETH,1688306438,2922bb18ea7225c2905acb96276ea33273c5e07a0860fb276087115f,41401
68,1705614300,2024-01-18,462,iETH,1675776538,0da3cacef17d65df4ab3d98a21d5d8ef52ef3f813b35b46e9ac4e562,666
69,1705614300,2024-01-18,462,iETH,1687653575,08abc365d15eb5a450ff8ed2a6207bfa3cb5a0df4ec1ddd0e6636026,2
70,1705614300,2024-01-18,462,iETH,1688385920,16490539b2a6c749b18c82a41ad485eaa882ee019335452b7a7c27c0,82788
71,1705614300,2024-01-18,462,iETH,1687031532,30f730fb260aed1721ae7ec3d6ba003509bc8d125ddbf93ddf51cfac,670730
72,1705614300,2024-01-18,462,iETH,1675720979,8bb9c1842b5df8a44359e65982adb4d2a7d0cb745a2b8488592e3d9f,16198
73,1705614300,2024-01-18,462,iETH,1673040455,9bf780683ee09b92d00a465c519ef7febf74a26e6ff45fd9af96e496,158131
74,1705614300,2024-01-18,462,iETH,1680938791,514ec5e427280c6bca6a0d79dea12bc793673a7241ba8f6f982a542e,105691
75,1705614300,2024-01-18,462,iETH,1689063602,7d1641812bc78ee852ab754207dc818d1eaa658986d48e6890f08bb9,228460
76,1705614300,2024-01-18,462,iETH,1686344588,e31737eff954647c3cfb076fc5ec72a889d3d7b27a875fdf2fd1b379,1
77,1705614300,2024-01-18,462,iETH,1681575972,63b3889ebf65aba913b3ca44031d7b2c59b04b0727c3f2e67d52d034,851
78,1705614300,2024-01-18,462,iETH,1680575675,34c3340d91bf6565f8b26b14e5dc37c6f89d62bc748b78de164115da,12781
79,1705614300,2024-01-18,462,iETH,1686304498,e1dabf1e8691c018fda047487415acf4ed06b874cc7e2bb639dd1845,5849
80,1705614300,2024-01-18,462,iETH,1672972926,63d62b85ce675ee25e9e0da4c846d9843afc136a494b52ccdc2e48e2,60
81,1705614300,2024-01-18,462,iETH,1688306155,a6dbba290877e35a99d112108edf8c59364f9d06d0de28484b88d592,6649
82,1705614300,2024-01-18,462,iETH,1682810535,5310a7c00c573d9400459ad061211250ce8c164a1b657d952003f32e,313772
83,1705614300,2024-01-18,462,iETH,1680680229,b17a9e6267af6b03c1d5b6ed9d2ffd82052fe72f052d434082cfc7dc,50093
84,1705614300,2024-01-18,462,iETH,1679187980,cc61886cd84b2810e7509648dbac8024a15547b5253af083842d07d3,150172
85,1705614300,2024-01-18,462,iETH,1675972423,42a9b7449b9ba23da79cfc754f2172d52b9a8a550e0e7b6eeda08f77,161
86,1705614300,2024-01-18,462,iETH,1688687514,cf59324e35572473a1c164ace3b16a04c1893f82aae9557abe429d89,261813
87,1705614300,2024-01-18,462,iETH,1688431701,ea79af332a33e08d0180ace4940a4bba5e9040ea76bf0f8a884279cd,24522
88,1705614300,2024-01-18,462,iETH,1684165309,8c738aba609903d995a789c5cde7e59510858da191c3fca173d8ecc8,25934
89,1705614300,2024-01-18,462,iETH,1680610652,6c348312a0608ec6032c6b58e8570d4eb54a6792e95185b661ecd19e,153426
90,1705614300,2024-01-18,462,iETH,1687666064,5704ede877045beaaf499cf2a9a7f73b1aec49880230fdbd61512f0e,38
91,1705614300,2024-01-18,462,iETH,1672998685,39b1d4be2a009b5add1835ff88e27d53352d43cba2df661d22c9943f,205950
92,1705614300,2024-01-18,462,iETH,1691406139,21c654305eb324675f59e619a6c6af7de11871079f4b86280654f096,19877
93,1705614300,2024-01-18,462,iETH,1691408080,31b4236f1e3ca2c5ec1844abf72660d6da46e7573291459ca84984e4,1000359
94,1705614300,2024-01-18,462,iETH,1691457648,0b9406a4cc6048882b8fd51266f4be903cdb725e354949f8f4b8729b,185901
95,1705614300,2024-01-18,462,iETH,1688506745,5549e47cc751bd3ea39c302038ed15de03593797992f85d62ec3588b,3953
96,1705614300,2024-01-18,462,iETH,1691807859,742e13aeb9130597e75cb1e4201368884b223a027760b1614ddcd514,35940
97,1705614300,2024-01-18,462,iETH,1686229075,ee8e915802b5f642b6f4d4d30ce94976a6efc51f145c980d9d376034,25159
98,1705614300,2024-01-18,462,iETH,1686679045,eca93e97120204b13cf0fa6a0f87e37c39503bfaa2872a01944f02b8,119428
99,1705614300,2024-01-18,462,iETH,1686394535,80b0277609005bb84688ef825eab5e624478c3737efddc04d222c278,264491
100,1705614300,2024-01-18,462,iETH,1682059835,cf160c79e4395e9b17de9ff8fa6d78e9ade6fee1e7080e0c00152e3e,98462
101,1705614300,2024-01-18,462,iETH,1677063338,17e6192c507aa42939888c9354ab8ad76b387cdd923668c0999a198b,5745
102,1705614300,2024-01-18,462,iETH,1686387206,026a986627de817bcb642714112306ad7b7fec5c593af507676d3835,7351
103,1705614300,2024-01-18,462,iETH,1692769119,fd12aeae1a8e6873b5c4a638cb4d848792b9f401520d27ecd3c3a4b0,51375
104,1705614300,2024-01-18,462,iETH,1685683719,d0ae4c6f8a0fcdc9cb13e25df039545245b8950ba8820a0adc772a14,1008442
105,1705614300,2024-01-18,462,iETH,1693053128,55cf69df3e09e88978a5396efa57fb076d25f9089229a52baac18e5d,63610
106,1705614300,2024-01-18,462,iETH,1682062899,794343926a43d13d72892383b093678fa0602c5ad6338620eb7c302c,29526
107,1705614300,2024-01-18,462,iETH,1693375779,0d54066357cf1b893f76d88adc3586fc28aa526ab3ac30db74147a50,203396
108,1705614300,2024-01-18,462,iETH,1686489486,134772ad86746619dd39c1bcfd82c5cbec2872f3fbbae1c289e2c7c4,546
109,1705614300,2024-01-18,462,iETH,1695507593,9e50685ab277c256faccb96797ca4a94bdff89291b969ed2371c5abb,1292
110,1705614300,2024-01-18,462,iETH,1695570483,759b2ad795fb741546cb47086bf90dcbfc4e8144e62a824c815c1ffb,1897913
111,1705614300,2024-01-18,462,iETH,1675968143,508757f097d3f23cb9e51cc9d35a550b2f2f9bedea6326229950647f,10729
112,1705614300,2024-01-18,462,iETH,1672982804,9057a63eaa2afa9e1f67bdb5d29fd62c59c91d0c79a30e225f079aca,1095161
113,1705614300,2024-01-18,462,iETH,1685468013,568b65fadfb32178198768d1bff91956f5dba957701ce300719237b4,890281
114,1705614300,2024-01-18,462,iETH,1684996899,0ad45bd4425847c0893b6a9135dc9086793f21620bf46205901be98a,108166
115,1705614300,2024-01-18,462,iETH,1681912080,34589e061b2fcffb9f07e7109d77a14c7c7f55f15f5a52d5ebe6c94e,14503
116,1705614300,2024-01-18,462,iETH,1686305360,07c59e348504d75a47aa875c80c5f7c537f4153637fb942f8f21f7e4,86522
117,1705614300,2024-01-18,462,iETH,1686477336,fc1c84e08e8e47cda82dfe5d2778002da43570516efe2517c7878226,467
118,1705614300,2024-01-18,462,iETH,1686922060,98e854a41cab6d1ea5e38ff1517f5a1b4a1e8e087fc85195ad42f28c,380893
119,1705614300,2024-01-18,462,iETH,1696713337,fa1723e381818dd3249476008192dd876d12607046f821ff55defe4a,770876
120,1705614300,2024-01-18,462,iETH,1695511491,f4035fabf6ceffc8d7ba6defb2a76bf77e2fd6f447f37c9037340990,11099
121,1705614300,2024-01-18,462,iETH,1685327912,a33c563393379855e9b6f66e6830ceac659fac8982b06d4128b21722,7164
122,1705614300,2024-01-18,462,iETH,1687613633,91aa6ddecfac713f774fe7635bc6804e96e008cd220186a1382b7f1f,32745
123,1705614300,2024-01-18,462,iETH,1686507478,e367111803d9720ed53b7127da78ed0a9317a8b7188c71fa947fb5cb,35145
124,1705614300,2024-01-18,462,iETH,1677314014,d5783eeb99454513796d07833a55b33d041157aa2557f641d50b7f13,10086
125,1705614300,2024-01-18,462,iETH,1683237261,08918c42b18ddf44a0916525988f5b94ee9520a3010ece764b39399b,1056644
126,1705614300,2024-01-18,462,iETH,1681938950,1227be2193b0f03f9ced11395f01fec9baab09491e545787377e5787,805382
127,1705614300,2024-01-18,462,iETH,1690746933,ecf6df3e564fb3214117ff1ba3fb4532e6d1f2fb80c0015027b291b8,227
128,1705614300,2024-01-18,462,iETH,1680463831,927fc7c9604b1b86803b1e6c79b229cbba70ff722d91214cfc33d8f4,423080
129,1705614300,2024-01-18,462,iETH,1688044771,dfe5d2289b230fb69bdf502d43ec466d44b6742ea21e967ed674bdc9,813479
130,1705614300,2024-01-18,462,iETH,1691387663,a599571d436d6d4796f955247b1e358fa4275e063273d81dc5845a47,3145
131,1705614300,2024-01-18,462,iETH,1698700474,f6fef53cd89ac1c032af0d8674be9688490ec68cd06190556f61ad9d,6574
132,1705614300,2024-01-18,462,iETH,1694175641,68b290e8c37102ca4abfb9f2f7875308f678c9c39d20a7e9bdbeb719,1256539
133,1705614300,2024-01-18,462,iETH,1678753796,6c2c506ec04e624743404ae1688a4fc6f668de7ac6990612e26246d0,27022
134,1705614300,2024-01-18,462,iETH,1692553775,8ede185c7701ad49c0e4a8e8551d273ff717922d2487f54fac34fa6d,290585
135,1705614300,2024-01-18,462,iETH,1678747284,8cfb3488bf7db4a3b403363dedd790347ff45543a63a7ecdf5ba44f5,2949041
136,1705614300,2024-01-18,462,iETH,1689836442,1c348c0ee2a2c36691e877a0058da0def13243399ab568db8db5825c,46822
137,1705614300,2024-01-18,462,iETH,1681153603,b178ffc093995ed4f92326da8cbbae25832bd1c723b4897435ae3ee3,40341
138,1705614300,2024-01-18,462,iETH,1681851897,ff7146ab3d288749871f4cf95b6d586203facd0bbf2cedebd34470e3,284748
139,1705614300,2024-01-18,462,iETH,1695929075,42c58ba9df280c4ae00cfa9fc794f2f00e7658f9f6d69abe0e8afe82,681733
140,1705614300,2024-01-18,462,iETH,1699349024,00f2483408518f8f77107b4795978a23d7e3419783a1add171a70e01,276864
141,1705614300,2024-01-18,462,iETH,1673041098,d7346fcd395de69e62f4a2bafbc32af393ceecb3287b0ff4442ff36e,195
142,1705614300,2024-01-18,462,iETH,1699779807,3974438b8c38758b0d8828e53af690b9d4db802fa363cc042c002697,4412
143,1705614300,2024-01-18,462,iETH,1672984872,e4a3572c85228edfa7ee4d015fa55fd6c93d181597f86859aaabca91,209773
144,1705614300,2024-01-18,462,iETH,1686217070,6f47cbf71699a17dff2d3039f2dd0eb49adccb6b7ea8c245d9fb8952,274318
145,1705614300,2024-01-18,462,iETH,1687144593,00666e59e9ceb98f3b3b0f97037acaf2d5e5543044d7d10a93fae574,5
146,1705614300,2024-01-18,462,iETH,1679500280,42a1f1254b83222880c10986170dff3d174299a9b6601511d369a189,255025
147,1705614300,2024-01-18,462,iETH,1680321315,d74a6efc13c28b96e80fa23036353ec62897443d0ee58a7cae63cb0b,39327
148,1705614300,2024-01-18,462,iETH,1689350135,92fd4c1482e065ef6db70c0b78d37262354356a3d67d81aac22ebee3,6736781
149,1705614300,2024-01-18,462,iETH,1689289884,9e62f5685e9d1397fa74526b92e01ec062c6f07a6d2b95500728a976,6975327
150,1705614300,2024-01-18,462,iETH,1700611773,e0dcd21c7504d273af38cbf15da057d7b5bc5b063e0613e3f1832a80,2286
151,1705614300,2024-01-18,462,iETH,1701045869,943e78c7530eb2d3d10a3aef219c845098eb0ffd1ec72854f8b6ccc0,4456
152,1705614300,2024-01-18,462,iETH,1685238381,731c4e0664571b4ea0a1b9279f3b9dc10ae79bd38908a7b30ecefe22,538
153,1705614300,2024-01-18,462,iETH,1696279312,d00c92d92560223d54d47e2332b1937f37e48f8faf44d2735e119b40,97448
154,1705614300,2024-01-18,462,iETH,1701102152,11e7ab50a96802ee503a2bac8500f6415b41c2827bfe045b4e613853,125668
155,1705614300,2024-01-18,462,iETH,1685139759,e435792ece3754f9a940629ec319e62c108f06fedc90da30504b776f,115656
156,1705614300,2024-01-18,462,iETH,1701445553,178d73dc5cad84d1b184b191c0176c0408f90306c85fe277dca22053,907109
157,1705614300,2024-01-18,462,iETH,1699570798,a181fb98e93e123144d85fee0993bd560ed91d82ccb4b9681bdecc95,232514
158,1705614300,2024-01-18,462,iETH,1683933784,c05d3ab97abdcac7e81855b92b59afe40f18b059e9d8cceedc5ef511,75748
159,1705614300,2024-01-18,462,iETH,1679452459,c90dfeb23d605971a7c59e29113aecd883e6390ae59b21748a3ef672,36074
160,1705614300,2024-01-18,462,iETH,1682970481,7a7fe8f80addd82b29adc3d5f017985c04c21eac82da3072fb95ba30,1015
161,1705614300,2024-01-18,462,iETH,1682330560,609ec540fc0fe4aa910919d0f5a2a5dfda7db6cb7f9b4c73c285bb22,40960
162,1705614300,2024-01-18,462,iETH,1687016754,37659fd936489ba08c0f7122f30d034594d20804392ba14cd2a6d362,5585
163,1705614300,2024-01-18,462,iETH,1701896396,71c27c179abf426d4ad4f7ce021840097e2abb1312546c6dba1f9d1c,43833
164,1705614300,2024-01-18,462,iETH,1673036542,58565b9a0b90f766dad48a3cb365453b452565ecb6773a55a5517b48,1409100
165,1705614300,2024-01-18,462,iETH,1678633327,895dbda6ce8ae6e05cb8936861ffdc934ef3f8b289ecbaf06f20da59,368103
166,1705614300,2024-01-18,462,iETH,1696382059,73761bdecaf3b16b1ac8cfbc32a46cfb73f3086cd854b57855bcf16e,252523
167,1705614300,2024-01-18,462,iETH,1684771169,86be47e3f02ade0055290f56554a21cd9f6d9e3f037b34301a28890c,782281
168,1705614300,2024-01-18,462,iETH,1685299553,e4833eff5469ddeeaf0fbd065ad976676be56e8cd67c04526d51c495,235440
169,1705614300,2024-01-18,462,iETH,1702101681,e65fafb51e3a0af5b2fc7dbdb246b633fdcccd9459e3e2f2c09f2ccb,213241
170,1705614300,2024-01-18,462,iETH,1688149062,161478c8f8376606bcc5ae29a3d3c4efe4a06ae5009285f447daa51f,1
171,1705614300,2024-01-18,462,iETH,1685614283,a1c6c16a77941b70641de99c94eb9c167da9da22267a137f2adef062,7409346
172,1705614300,2024-01-18,462,iETH,1683104074,e0a5fe8d81c61f33e7b47c1a5b07c02ca836cd80b91e2ce18e088db3,273579
173,1705614300,2024-01-18,462,iETH,1700442636,8ee714183ace0bc0631ffe0bcb830cb09271b85d78886c87bba78e3f,1094332
174,1705614300,2024-01-18,462,iETH,1673004383,ef375afc54458f274bd07dec902e981a581fb46d4ab6d996e40b5bb0,137798
175,1705614300,2024-01-18,462,iETH,1673008874,af91dcc8800fad79990ad47efc93335efb93b85b15f01ad0570b0924,120598
176,1705614300,2024-01-18,462,iETH,1702212095,7bf4075584da0c019fc06861bee629698e5c7a9e93a9c0cf248cbab7,90423
177,1705614300,2024-01-18,462,iETH,1676931801,264b3be253f8b7ded1b7c01a483256379777df963ce59e49167e95d4,191786
178,1705614300,2024-01-18,462,iETH,1685914051,9e888b8b96c8adc83588187764673c7e357b0c3b404072c997389f74,85835
179,1705614300,2024-01-18,462,iETH,1684120765,3a5c536f4deb9d98ff6e72f3ee92266964b9312d00e6230e33c218b4,30731
180,1705614300,2024-01-18,462,iETH,1702404327,f428fddac0fa65aec8c2d71493de03542fa5a2077c3a8e4d7742ede4,52357
181,1705614300,2024-01-18,462,iETH,1688840499,e6fdaba56d087a16a9d4cd4a298d537bb25843159bbe8c9dfcfa3530,215323
182,1705614300,2024-01-18,462,iETH,1679058923,9b314b76487603dec62a43cfeea584dae73cd42e7f83871495974fdb,509767
183,1705614300,2024-01-18,462,iETH,1685737288,581aabebb65db4e67ca6a39e7a1770f1e6c03db11aa0e257888f1c15,886431
184,1705614300,2024-01-18,462,iETH,1685407317,c2caa3f52fdfe4424d8aab68f691aa1617988acdb86a37b2850795ac,611698
185,1705614300,2024-01-18,462,iETH,1679009239,bbc6d8e0a8f8fa47238a3df22e1b9a0e39a0de2330ba5b49d69a6bc0,877131
186,1705614300,2024-01-18,462,iETH,1680729885,860fe50b46f99f50253e4c88bf0c80c30c05b2047f3f9925b575092f,1600441
187,1705614300,2024-01-18,462,iETH,1699554612,e8c66a90ee03f8a63526621d224cd470c82347fd28405ee6932bc7c9,489659
188,1705614300,2024-01-18,462,iETH,1689292811,9ef82b39ec0521ee2054f18b3811007af895c6a3248eb9bf458ebedd,1000753
189,1705614300,2024-01-18,462,iETH,1690483106,01cefc4ac7b65ac3fddbaedc169b071ab04fcf6f5ab009ff125768c4,710365
190,1705614300,2024-01-18,462,iETH,1683069044,43d0a98cb18fe49f759a593585010bd4b4947c7e7b3493de6d96849f,3762019
191,1705614300,2024-01-18,462,iETH,1699662361,45a9f4d28189a427148cf969aba03325e950fcf924e48a3af0905846,239534
192,1705614300,2024-01-18,462,iETH,1697737476,3fac66f6b7caf81b8fa95ab669e318a15a207783e143e7e886f68f93,86263834
193,1705614300,2024-01-18,462,iETH,1678903030,63aade055d90301cd816870ee5a3c9fc67d769274b8633e7a7893f05,3255951
194,1705614300,2024-01-18,462,iETH,1685907323,95fa00657c1613aa2f6a3ff39b636d93ae3106ec72498d3e39b0fa8e,588352
195,1705614300,2024-01-18,462,iETH,1677169031,cbf9437b6fa4bfa4931ce623e6aff6689fa8ffc1ce3572e6f5ff613a,2730434
196,1705614300,2024-01-18,462,iETH,1698981933,acf1f327362ce34cffa6db0c5d6ba398bddf63c5202457b600377fcb,1340062
197,1705614300,2024-01-18,462,iETH,1684266023,374b46ff0fc4f269f31c99a12c82159a58207c3e686c437d57dad408,1267745
198,1705614300,2024-01-18,462,iETH,1686679688,5f431f57ad76f9c3feaf03809fb3ba95da61f53fda601021a73f8040,2864283
199,1705614300,2024-01-18,462,iETH,1687023289,224881a0dbeda325ad728e2ff0abfe10aa335eb0dfa6258f6c163af1,1230638
200,1705614300,2024-01-18,462,iETH,1699834166,2247ce045507dca9f1bfbf74a523304b202e019b5203c6a4138f54a2,1563795
201,1705614300,2024-01-18,462,iETH,1702583633,f4a9767bf9af666debc2d1a3cb7365d805c40f3e0fcc95e3056a2ee5,8982
202,1705614300,2024-01-18,462,iETH,1680467906,69af353f2cb9ab695b429cff0e80203bc8e9e47548f28176e9bf99a0,519302
203,1705614300,2024-01-18,462,iETH,1690777796,f1d39751c36b29e842f06a1166cf58e421047fe58c7d91c93e456e53,174014
204,1705614300,2024-01-18,462,iETH,1687270319,78cd8a0a3b2bd1b5d1a85f348849349a8d180b3bc180c9f5ea34c726,2795787
205,1705614300,2024-01-18,462,iETH,1696207158,f9c3ea8ec044b27830d9806f8ce5a952fbb89debf69180307e723e57,443442
206,1705614300,2024-01-18,462,iETH,1702626276,fc4456a76943fc8ddf1fec0d5b5ea44213e92bb498cf57768c82b872,13109
207,1705614300,2024-01-18,462,iETH,1683194100,092b7b9ae9bfed9f25757ce431f885b079ba820ec102294ec9f18c5b,131819
208,1705614300,2024-01-18,462,iETH,1679342022,d3343c6168437902b403e99ae1f62fade8dc0a729f01ff42ac4abbd6,1289534
209,1705614300,2024-01-18,462,iETH,1676231264,f7315c71937b8ee2b38ba0cabbb3d24b34186c415cb1a75e1f383666,80635
210,1705614300,2024-01-18,462,iETH,1698227650,a41e65f134267d75e1ff2509fc790511401f5dc9acc1fb6daacb241d,361405
211,1705614300,2024-01-18,462,iETH,1686953305,5ba4f7eb27d46622d4728a365e4e78b349d96c40cb8e6b17b32814ad,33304
212,1705614300,2024-01-18,462,iETH,1684260071,f00f927995925d46c18314ed041f55e32d1e9bc0da7b18b5f9d56602,37292022
213,1705614300,2024-01-18,462,iETH,1687561082,14f88693101a09292fbe4dd300718d6cba658cd09cbaa6958a855078,14988836
214,1705614300,2024-01-18,462,iETH,1694734458,019f3d35ef1c1067784c46f9b165150919cdefda177dd301af373051,80507
215,1705614300,2024-01-18,462,iETH,1701508576,7263b9dd48afbcdd9151c3044a290690040aec1508704bc04fee78ec,2003437
216,1705614300,2024-01-18,462,iETH,1702725809,b47ead9c1c659d7d927c23212bd62d475f71d986236aafe16bde23ee,3225208
217,1705614300,2024-01-18,462,iETH,1687213538,17abbdbbee649dac78243c157c3238f34b9368e0e7d2c0232951484c,208411
218,1705614300,2024-01-18,462,iETH,1687397883,c464a820786db2b4f6292f2d7d300f6e4c5a27921ad23b4d5a9fea1d,360216
219,1705614300,2024-01-18,462,iETH,1685461547,a79e3310327ff57aec9921c729d9a81389fe10aaa398fda3e5ae0fb3,2959489
220,1705614300,2024-01-18,462,iETH,1690609635,4effa125f9fc4cf7456e397b1a9ac44add9301b8d959e488a8fa1e86,154099
221,1705614300,2024-01-18,462,iETH,1687588271,b844eda8d8b99c58609f090d3156ef91488778e92501e1154e797492,123275
222,1705614300,2024-01-18,462,iETH,1673228212,eec262031b5b78bd61e1f5aaeb37110ab6599407ab82682ad1798d21,209481
223,1705614300,2024-01-18,462,iETH,1700999758,9eacf5e8b3c6bf9b1abf34590fd8c9b02e34c0bcd682a1e895ede3fe,15018820
224,1705614300,2024-01-18,462,iETH,1683827738,a90c9789e1cc4e2b2b3f0623af62cf6c143918214776980f29b12d12,1536285
225,1705614300,2024-01-18,462,iETH,1702065639,b793641c01efa875c52b2d706bef0989e533aaa4a688755216a74848,1000016
226,1705614300,2024-01-18,462,iETH,1672974853,cacee11ae9fc0ffb6219d179e22b1cddefd988ebcfb1ec7fca4ad52d,37441502
227,1705614300,2024-01-18,462,iETH,1690218762,5c388590260c27a11e1ee1c0e753ce29e204c58432e25fa2d66bb33a,283233
228,1705614300,2024-01-18,462,iETH,1681137922,064bdec62473f25d5eb0cb4e051a3bfb6fd889f02e86c496539846b0,134077
229,1705614300,2024-01-18,462,iETH,1679078436,ea374c2d569d63853df7d92c816502210495360908aa4df12568e567,460604
230,1705614300,2024-01-18,462,iETH,1685069002,b1896ed05f89dc37f90008cbdd3d7aae51e2304a8bb9fa170803290a,4544984
231,1705614300,2024-01-18,462,iETH,1676874827,cbf2fe83219efa63b2e1d6c43e53fefa9280e4e862b5cc88d5bdaf7d,162983
232,1705614300,2024-01-18,462,iETH,1687570020,35b5d87660008e921bf997918dca5a84f808badf0fdc910fb5cc1d06,360152
233,1705614300,2024-01-18,462,iETH,1682012182,9c2b04c3d361d4d72878e7c0c067ce6cdf9f29561bfab5c59728c4e2,99589
234,1705614300,2024-01-18,462,iETH,1686505096,34b9eb31c69076b836788f32cc4f00a21725cbccace3077105c00801,106131
235,1705614300,2024-01-18,462,iETH,1685022821,fc2570c6c03402569141305d77268cb1d15304441a142d76a4ac2814,203471
236,1705614300,2024-01-18,462,iETH,1689282194,0e37ff2bfb32da6cd23995d8683ba2c62b0752390ea6795fae443de3,668322
237,1705614300,2024-01-18,462,iETH,1685642650,e8efeaa8e932f8ad63d3ec8f75f68926e93f66ffc1fc602e3b28bfa4,4580089
238,1705614300,2024-01-18,462,iETH,1699696430,a628ecc683d79eb6cdf0ef8d24fa8994ef5e9720bc52cb731107b7e6,594285
239,1705614300,2024-01-18,462,iETH,1692683034,4f8edf63fddd78518ee36c8b5d0366c3f57cca7707320c9b6d3b434b,1232048
240,1705614300,2024-01-18,462,iETH,1673022444,31eec5d71937555a28119e20dadcbe20b67b367b2f31f21957466444,281230
241,1705614300,2024-01-18,462,iETH,1678678095,264b74cef0d10e378ac83a2b2cf399d17b45e2b6b3664b69c8019fcf,2639820
242,1705614300,2024-01-18,462,iETH,1687565177,a249e0d4dab1b164dd033043cbabdf204b34f7ecbdb994bec90d7216,187040
243,1705614300,2024-01-18,462,iETH,1685395733,929695c172f6c2841df1482161ec1a2716ee2f166c27c86b20736e71,140891
244,1705614300,2024-01-18,462,iETH,1679052087,c6d45c71d2db10ad40fe49e492ce13dbf368ee6e721bc09c91ae89f5,7391584
245,1705614300,2024-01-18,462,iETH,1695373050,01da9d4fea55755b1bd3017417aeae4b69e15fda2bbdb49d739351ff,226747
246,1705614300,2024-01-18,462,iETH,1686247273,a7793000be35ab0dd64570208d714684e292588d3067948d9cab4b62,3332415
247,1705614300,2024-01-18,462,iETH,1690414286,5c37f6244184589068ccd1481ffbe29b185b7634dcb9e43bd9064c17,48652
248,1705614300,2024-01-18,462,iETH,1690586761,9b7a2c9c23228fbb138fcaf45db9deb395114a33c8fa11a758eeac0c,97940
249,1705614300,2024-01-18,462,iETH,1689595559,4f9bae79147020cfc7a1879a0429879c46f9e8beec5768b3744a665c,6238491
250,1705614300,2024-01-18,462,iETH,1690908893,878c6006173f9d113f53ba6169317039743808f62e25f539418ba4af,5290992
251,1705614300,2024-01-18,462,iETH,1694513124,277fd1b973fb696cd511a2382770f137bedb994b2395d476db829938,73669406
252,1705614300,2024-01-18,462,iETH,1692031986,548fece8d2f6e55efda4a70452343bc1f92cac3c1cf8ef250535c048,2134153
253,1705614300,2024-01-18,462,iETH,1687564970,b476886ebb904922102c2c8e89a984a7e37aac15d29adcd0120b1a09,5637141
254,1705614300,2024-01-18,462,iETH,1688620657,fa54bc15eb2f3a2b38c0132795dab8639855d59ff6437fc0ee24a331,3745123
255,1705614300,2024-01-18,462,iETH,1686069284,28bbd819d100bce6cdedd2005ca0a9d23409b52d2b6b2b3699054c90,4198077
256,1705614300,2024-01-18,462,iETH,1703330575,6f9174d7d77433bf651da252e8e6e2da5a37e40e6b3b904aff31d3e6,32177
257,1705614300,2024-01-18,462,iETH,1673047357,405966152e910c43c45f1d21d8420d7ce66c604b9750824741970780,437
258,1705614300,2024-01-18,462,iETH,1682876394,83ab60a79224a24403fce6b98eda271efbf2a363d5a1475a4ede6307,69923
259,1705614300,2024-01-18,462,iETH,1701351225,ba37698916d66971b377b10f0c6a0f267b7d7b0db565d3a27267c2b8,125433
260,1705614300,2024-01-18,462,iETH,1687540155,6c6327cb74b31bca70661b8a54165f95eec53e59c955ce2060e7dcaa,63488
261,1705614300,2024-01-18,462,iETH,1699607777,f8470a7569e320d24a2303be02e72f651be6e7cd1221fa8b4cf83704,13594921
262,1705614300,2024-01-18,462,iETH,1674237599,f29f47b1b0418459d3089b645f7822ffde188e85a102de177d76cd77,120413
263,1705614300,2024-01-18,462,iETH,1685139520,dddc26bc5c16b1fdccc13e72abfc5bbab373d7ceb98132fe51b39e33,1055152
264,1705614300,2024-01-18,462,iETH,1683291129,58c052676fe5b1cd52fda1ba62bbdabef2b3f261258e1fcfaa4df833,675446
265,1705614300,2024-01-18,462,iETH,1698894188,6dc8489d983500d3c50976b4a89ed86174884bf6f1669c86578104a8,234691
266,1705614300,2024-01-18,462,iETH,1703514981,6f97009aac31def7180d81efc279fb78a6639929b048a89698969827,307775
267,1705614300,2024-01-18,462,iETH,1686847964,fdcb2ad56f90c49a73ace602f2f459055f75c9b42f6b186731da60e0,28356
268,1705614300,2024-01-18,462,iETH,1689880172,e369f9a894744f3c1bf4e714426f0e9753cdcab22a9cf0ab620bd642,27500521
269,1705614300,2024-01-18,462,iETH,1690924086,3657a92f82da5d852f3757b0d144117b3fce7353181e8a8202843d54,22263920
270,1705614300,2024-01-18,462,iETH,1695270742,9442130f8971114afb57ca22fc0c8bbf9cdd009faba8c714a571d88a,222451
271,1705614300,2024-01-18,462,iETH,1684732520,9d77c4650d9fc15ff9d7591ec7324e12e84a7b588a88586e55113d83,7699496
272,1705614300,2024-01-18,462,iETH,1686392563,97bf01e140f1cd68d8f3e3fa882f1f10784d33847cbdd3562934fca0,4924491
273,1705614300,2024-01-18,462,iETH,1702307765,19b6cea31f66d0bf6aa70cbf879331c4e3001de9d48928d445b083b9,422901
274,1705614300,2024-01-18,462,iETH,1679408895,c1cd747fe18cf8260a8115694c82c458f6facfafd5a382447a2a3e03,97787
275,1705614300,2024-01-18,462,iETH,1694172613,13dd85c67472864399334d40bd57d4bbfcdd5ea0436ed478f6c2409c,26185554
276,1705614300,2024-01-18,462,iETH,1703689431,1c83a034d92988fdae53b3d067eecf70e5b3c5ac1e5a60277009ad14,127354
277,1705614300,2024-01-18,462,iETH,1675607573,5a3d4f39ee17e2b67b6dd93ba71379a098b16f5f1839a069ce9533f4,81174
278,1705614300,2024-01-18,462,iETH,1690697635,6ab1e8f492b0ade359dcc23754a37711b11e09f3c300db387a7df62a,605256
279,1705614300,2024-01-18,462,iETH,1703707429,eeb30b031f8ddd6c5766289a4faebc9fb55ea39eaff3dbaf28d106dd,191674
280,1705614300,2024-01-18,462,iETH,1673261613,5b06d393e8dfcfc2b19ca8ecc91c242dd437ed72d917391264183f36,318584
281,1705614300,2024-01-18,462,iETH,1686393336,8105d0f33d443db33095e1de7e3c084af5cefb8675af79f718bd3e36,180297
282,1705614300,2024-01-18,462,iETH,1680269093,c637928cbdf87a8650a7a8401ad1a6b8757d91192677c615daf7deb9,14665218
283,1705614300,2024-01-18,462,iETH,1672994233,ac293f8851bccc597d9f23b7b76bb9afca7bf65e42c93fd9e51ebadb,258894
284,1705614300,2024-01-18,462,iETH,1684671360,a6275c87fe29638ec63e529f7ccbc3f29b77d181cee3bb24945a9fe0,82590
285,1705614300,2024-01-18,462,iETH,1686598330,3c1e2cfc33728127b806c2679ecccabd2c3602a7fe754228f122f754,1353214
286,1705614300,2024-01-18,462,iETH,1679267577,b6cdf3c4560e284a5d05fdc1e919565e5e3b6bd51640855b450ccb41,6113537
287,1705614300,2024-01-18,462,iETH,1695775087,2772388f1b0f2a02ac50c87a58f500ebda9b80a4fe8faa0237326e74,21071425
288,1705614300,2024-01-18,462,iETH,1688695735,c3945d89b9f99ee385a09971bc4d7bdeedf5e6f809f8f72816ddd692,248564
289,1705614300,2024-01-18,462,iETH,1697338722,54d98e5d0d04abbf3c54ae4a9d86f851f807437b45623ad439a2f9e5,537235
290,1705614300,2024-01-18,462,iETH,1687774089,4d8a42fbaca129837c77497e86ce3b3eef159f90e4f3f12030e9332f,225784
291,1705614300,2024-01-18,462,iETH,1685265249,7088f3152f3ae927521b83c3e469bab8107621572660984ac0a5fd16,328113
292,1705614300,2024-01-18,462,iETH,1703873532,beafce13ba93866d8564f9c50b2accf6e7211906cfdf93d84db60978,3319344
293,1705614300,2024-01-18,462,iETH,1681409841,09e63926e1dd953e2f6110242c704ce63328e1f2d5ce2142bb66daf2,5048678
294,1705614300,2024-01-18,462,iETH,1702426766,77c9c6f64b0539e5dd54cb2121f5072becb205eec40d68fc66f5944d,82816
295,1705614300,2024-01-18,462,iETH,1703934091,b7f51b88a61786a3797174e480ef60461b0ed6fcdf010a01aa6e7b38,140674
296,1705614300,2024-01-18,462,iETH,1681320661,56270f8bf55701d31d45a3db4a13d99ef7848fc936616777f4257dcb,4793693
297,1705614300,2024-01-18,462,iETH,1686597736,778f07f22a2e44147376960b871a2bf9382ec1a50ae2c4b2086a8436,607921
298,1705614300,2024-01-18,462,iETH,1701022124,071f3b13c008455dda64f68444844dc392779583aca6c553d3f98d39,87441
299,1705614300,2024-01-18,462,iETH,1679829085,cb7cb7825c61148750bb1569f658df2f54872e4a21378797628893f9,5044698
300,1705614300,2024-01-18,462,iETH,1698848362,e105437b7f6bc51ba2dfff25dad8528637a85d69ce360c9417197769,905469
301,1705614300,2024-01-18,462,iETH,1703996484,196cd16600e1cf697fc00346965778a2d6ec27923846cde76851ae6e,2141563
302,1705614300,2024-01-18,462,iETH,1678936550,d94f9bc0ffe11ad1005b22a6e5c2b471b29c53510aa81514fc24d95a,48762
303,1705614300,2024-01-18,462,iETH,1682267238,ad7fe2d8b9b3cf82a37e9633c0e48784f788f352c5314d5a5e20bf08,6193941
304,1705614300,2024-01-18,462,iETH,1701499526,cb2b4570726c6675a37c6a6a64b482eb461e2b5b1a75359d4ae3a8d1,1153903
305,1705614300,2024-01-18,462,iETH,1681977172,c51068d78a400985cd0b359e59d17ad32344e3c82dbb911033e92cdf,3011047
306,1705614300,2024-01-18,462,iETH,1675972866,945cd17ae5a96a439a8191283c8459e67ab18c7e2d93fa1dfce4671c,83699
307,1705614300,2024-01-18,462,iETH,1704269888,6543034cd5553ae6f0feac02047690c47770cc21033b42abe6b0099d,34627
308,1705614300,2024-01-18,462,iETH,1687743621,7b313b41860de9075ae0eb22e9211a5822c0f23119037e21b769e96a,25066124
309,1705614300,2024-01-18,462,iETH,1679494697,e0ea68c3e09114bb8b746e67a3e44b5e4c0cdce33c07391dc1f61be2,3938262
310,1705614300,2024-01-18,462,iETH,1691328655,7c287d80b89068e3f0e5ad9cdcfccd67e264e10c7bac1f1c50b4b4ce,115497
311,1705614300,2024-01-18,462,iETH,1677180453,772e948ec345913bb1f86e295f4ff0d3b1f70e1b4ebca5831c6532a9,22717
312,1705614300,2024-01-18,462,iETH,1704319498,8ae7c1900973787d73c17eb1ee974babede3d21b69489f0413815b9b,25728
313,1705614300,2024-01-18,462,iETH,1689063697,0077f5569d8a6b58837844cae16b24e60b4718f5805e316dbf493897,1411340
314,1705614300,2024-01-18,462,iETH,1690253142,a10a23ec8c8bc86c8b39bb8d034a7ea407acf952bab967bbd8797d7f,198730
315,1705614300,2024-01-18,462,iETH,1686470496,c835248f41cb65303bec60d767f0299ea458a19c8c04beb125513487,647917
316,1705614300,2024-01-18,462,iETH,1688114052,e04792fa709f493a554e363756388231edd8716df5998754d114594a,65803
317,1705614300,2024-01-18,462,iETH,1704379566,e2842bcfcb33618f0da68b8f33200572c22a2fc4b7cbabb7702f1b2e,8808502
318,1705614300,2024-01-18,462,iETH,1700541457,6a6a3e0f0715ee932f0cd37b1ae9b6a0bacd2a526ec7c8e17a484424,20932638
319,1705614300,2024-01-18,462,iETH,1673247479,a2b3fc71aa466e489bef35c30ca8b4a9388f701ab0cd73c9c81a5409,107182
320,1705614300,2024-01-18,462,iETH,1675738650,9320b2e201b2f4141b4ea6e17e410f4696c911f77149408d632ebb8e,14
321,1705614300,2024-01-18,462,iETH,1704450283,53e928c2fe73901820ee7a72c6dd40c17afed65f7bc55628803f940a,170361
322,1705614300,2024-01-18,462,iETH,1690805497,bdabcdc638396b13e6a2f2fcee884fac8903ad668c7155fad848616a,356497
323,1705614300,2024-01-18,462,iETH,1692614419,53f44f9ec55dbd78c92531c00f666fb9ebae3415bb2d2f064516a1c2,15113
324,1705614300,2024-01-18,462,iETH,1687904571,257054d58a607073e56032f3af44c34c4da9c3c80ffcb6155bc26122,99995
325,1705614300,2024-01-18,462,iETH,1690370361,b215ba39568ae7a0d55515f874d117697db493f66f20999e88b36433,965664
326,1705614300,2024-01-18,462,iETH,1703474147,5d8751a176887a83a14167cb4b9e5ca3a73ba0174e5eca78f1ba5fdf,238188
327,1705614300,2024-01-18,462,iETH,1689843276,f04e3a2f427f303624958a861d18f657e307e65da73922e8d823d573,167436
328,1705614300,2024-01-18,462,iETH,1678740004,ecf1cb14a49abe481c4930be126426df3a7468257a129575cd49b41b,1779605
329,1705614300,2024-01-18,462,iETH,1687047676,ff935aa9517ed6dbb666d91a00c0172972ac4f6de32420c025a23e37,22413832
330,1705614300,2024-01-18,462,iETH,1686167011,bb32c423f9a82af12f10a7ddfbb3e06a6160ad5b75827a14c2975eb5,364690
331,1705614300,2024-01-18,462,iETH,1675711106,b2cd3ac1116b5d4d2634eb51a832f9c99dd03abe51b9e05f463bde68,203369
332,1705614300,2024-01-18,462,iETH,1702087660,2a9f1bd42a3c77c2f95d5a18853f3c4a0c351603da536445676f5d59,3889121
333,1705614300,2024-01-18,462,iETH,1684741757,b5f538b9bc03a2b72e11f5d02d4480cb5a8db857e1a730b1d4499ec4,4736302
334,1705614300,2024-01-18,462,iETH,1685394479,0d4dfb08eb9de8c5610cecd9f1624a8f1bcd2775a9fa651631d44cd5,5246870
335,1705614300,2024-01-18,462,iETH,1680921043,f09508247e043a250758c76b5ccb0e00df48f5caa7d61518dcb96707,61668
336,1705614300,2024-01-18,462,iETH,1675854541,ebb3c77c9d613815a380172a1ccc3f14b656b3a637c068209100501e,2015265
337,1705614300,2024-01-18,462,iETH,1696181417,e105290df587390be33d256392f378bfd7709dca5c16de6ff1958de1,1
338,1705614300,2024-01-18,462,iETH,1672969324,0bb67baf3148157625daeb00d942466bc473a3ff85dd49afa7658f89,13141878
339,1705614300,2024-01-18,462,iETH,1685274658,56a31a31d994dd695445965d7862c2025320c4d7a0202bb6e977e74b,1525248
340,1705614300,2024-01-18,462,iETH,1702262533,133fa5009fd6d251f24e0e45ecdd7667dd832619f86ececb920451e3,4236902
341,1705614300,2024-01-18,462,iETH,1684867644,b0a222c6bfdd962ede1dda2efc895e8d4e79dd5e493694ac784bc7c9,31946522
342,1705614300,2024-01-18,462,iETH,1683567634,50b984ca982d833e08f2bd2124164aef4193d86503cb484ecbeb1abc,69996
343,1705614300,2024-01-18,462,iETH,1672968249,b2d0834973ca3f26aee1f012c1b4f03cc0dcd96a5e299c62beb86237,1893909
344,1705614300,2024-01-18,462,iETH,1704670960,cc5d26611f038e50b4f5c174d83c07d8ec7c2f2d557a95800b32e060,380933
345,1705614300,2024-01-18,462,iETH,1686436143,37dce7298152979f0d0ff71fb2d0c759b298ac6fa7bc56b928ffc1bc,35291017
346,1705614300,2024-01-18,462,iETH,1699911110,5015aba4d3c982a18669bf8a76082f6563b3bb7872f876d3e910644d,13113981
347,1705614300,2024-01-18,462,iETH,1686832997,af7ea0c07f8c05d8c8e27b25a70ae93cff2159b4224f0f032e366d3a,1475805
348,1705614300,2024-01-18,462,iETH,1692055562,add22687547b52ee682e6d576776af097ef9374ecce09681b9b43715,229416
349,1705614300,2024-01-18,462,iETH,1686946511,5cdd7f4959486306226ebcf1e43d45d7bfe2c4acd7ebafaf2c647248,1995113
350,1705614300,2024-01-18,462,iETH,1684617916,775ef1ace4264239a1f7713dfcf2509b35664a69ff58631d9ca7b43d,240948
351,1705614300,2024-01-18,462,iETH,1686882836,0e0e12df3f3f5a2cd59f3d2b767cbe947e7e4892e027033457eeaa75,2960969
352,1705614300,2024-01-18,462,iETH,1698020381,bc64c0754d2dd6b159df3116a20375fbb668de087098210541940186,10
353,1705614300,2024-01-18,462,iETH,1672964719,1ff8ec747a4655f4f3abfe66233fb0343954025143e9134ca779640d,22161330
354,1705614300,2024-01-18,462,iETH,1676433171,69db3ddacd4bd728026a19f9e8be6d41771d6cfb8cc1706798b3ad1b,78286
355,1705614300,2024-01-18,462,iETH,1684772304,12c646d4c6d7a35c14788d15f0f6142f6148975d8932592fbd625f67,43208002
356,1705614300,2024-01-18,462,iETH,1686573979,fa7a8fdcdf6d6515bddfec9cd7731c20ba94fa51352be03e4c06bda1,7546615
357,1705614300,2024-01-18,462,iETH,1686816766,ee0d3f0402347e81228151903cf5249eb6303bf0e78b4f488263db90,1266768
358,1705614300,2024-01-18,462,iETH,1690374498,fcc20a843a102f03b5a67e2d9567fc74c70c2c2c294b85fa83086611,86312288
359,1705614300,2024-01-18,462,iETH,1704750042,a90e5908b57bb438476478566b35dc93a2497235e7c83164bff4f014,88375
360,1705614300,2024-01-18,462,iETH,1699295565,244ef5c19b4209da7df61d1f9a41ca599cf12610aed0f9457dbc7353,383558
361,1705614300,2024-01-18,462,iETH,1682476979,9ea99f6560c2e636e90f5e02b7d73b4ad950dde2177c8e80fd2dafb0,103374
362,1705614300,2024-01-18,462,iETH,1673246570,85dccd823a8eda33c9f680bb5dd7c09479fae10c95732a968f39ddad,329035
363,1705614300,2024-01-18,462,iETH,1686615474,37d0d7bacd94e0c31b8a3a88a5b9e075dc47a7c11720e9806eed4ecc,3851907
364,1705614300,2024-01-18,462,iETH,1683009012,3350a1cb0110a5855f289a0738fdbe0c00c07cf748fd5f5cdf1aa63b,429752
365,1705614300,2024-01-18,462,iETH,1696378481,1b0cbfa819f5a7b1eb06097e9b374f4c240f1a764b9a0a58973fdaa1,2992321
366,1705614300,2024-01-18,462,iETH,1688499444,a3ad69669ecee78b25f6b796d095ca691912481c72cc3ff42ee41ed1,101814
367,1705614300,2024-01-18,462,iETH,1702140981,1a622a828aa93c1e65f851dc9635968ccb74798f66c4949b3a255a4e,3180215
368,1705614300,2024-01-18,462,iETH,1703930037,07be0c021a1d4a26ad6e2761767b186961d184259a365cda60002925,1018875
369,1705614300,2024-01-18,462,iETH,1691646546,15ac7ca1b38f99e5e84ca3f3588a779e690a8d586eec079a8dcc6e8c,2321107
370,1705614300,2024-01-18,462,iETH,1682286445,cf5450200267464f17eca7d4a23ee0c892f8bb6f0d464b8b5eba0c73,11417391
371,1705614300,2024-01-18,462,iETH,1704897407,971678dc6765efe0dbbe2ad874f8acc3dbdb1c4dd9546abbcba9d949,976250
372,1705614300,2024-01-18,462,iETH,1702365089,7fa68b7f8bd5015b4162dcbfcc442d17733001d68cdda583def5b9c0,26821751
373,1705614300,2024-01-18,462,iETH,1704912336,5f2bc11e9fd3ab9b7bebc6a38606065c2ee002f100eff93ba0c1c11d,128395
374,1705614300,2024-01-18,462,iETH,1672967708,5cbf5f0ea9260bb305078b3bbfdca41a598d232d74c9a30db243ab67,1821196
375,1705614300,2024-01-18,462,iETH,1685162350,0b6d4094acb71999783c5f632377b48f9df9fc9e2d90e0fda2fdbdec,1371684
376,1705614300,2024-01-18,462,iETH,1676040520,ed3122194af84dbc350676f420b1927209b40cf0d239ec26a5cc8623,279441
377,1705614300,2024-01-18,462,iETH,1688410307,efdea48b2d455838b64f1bdbf0106eef7cd67041ce4aa429d812183e,44005
378,1705614300,2024-01-18,462,iETH,1679962501,c590affd526db47b19bcb411793bba5d639c1f5885fafc47838cd22e,2014841
379,1705614300,2024-01-18,462,iETH,1703775107,283503d1c51fcf60fdb2c9b423a1278ae795f3ebfdf87f78212ddadd,706310
380,1705614300,2024-01-18,462,iETH,1701602183,244f8f0d7ea882ffa2bf53fae898f61eac954c0406409500ff0f6979,54118
381,1705614300,2024-01-18,462,iETH,1684980734,5076acb2a03d9c30a10cb6a51faf9a1bd425efa5b701d0e483ff31d3,1337997
382,1705614300,2024-01-18,462,iETH,1705020631,0ba1235f4edfec6101dab199b755a86c815b263926c343d942350448,12000000
383,1705614300,2024-01-18,462,iETH,1704139424,44b2ce776e5c1d02812bab7652a63fe3a7a846d448b522ed320dc778,1000000
384,1705614300,2024-01-18,462,iETH,1704530479,639951a7c325ca2900b17d873b647d543333bc0a9b13005e542f542c,1
385,1705614300,2024-01-18,462,iETH,1673038920,ca0f77040a2b74ee79cb3a2c8046083e364c853648d64885a75ae35e,656776
386,1705614300,2024-01-18,462,iETH,1678198890,a485b6436c9f49a331655fa1574405c3e9bb1ead65e84b91f28fe826,32231117
387,1705614300,2024-01-18,462,iETH,1705078839,ba304eacddc5957f5d7b0b25a30ad8fa6001c28300f2c836651fa8bf,246518
388,1705614300,2024-01-18,462,iETH,1705081189,725fca12f5495b2d9c9be40376355bb56f673261a0c0fefcc0e83128,547444
389,1705614300,2024-01-18,462,iETH,1704662179,036f1301cab8154c5cfbfa54434a30943195eb52b79f2f83b8a9d8bb,1098451
390,1705614300,2024-01-18,462,iETH,1695616406,abd768ffa460e4578bd7a72296552532e2e463ac8727396b752aeef9,280582
391,1705614300,2024-01-18,462,iETH,1687671015,bc12846dfe29fb17207d6e11b98fdda7201679227d46d744de5574e8,120034
392,1705614300,2024-01-18,462,iETH,1687000137,e9b900a8a8988098763b2e5d3a9cd9bac932d2958a6c3b811b79e175,657811
393,1705614300,2024-01-18,462,iETH,1705242225,d054a3e88aa7d909469f67c6bbaeab11aa87316f08c1eed2b6c2aed3,652540
394,1705614300,2024-01-18,462,iETH,1702582391,c480783df5b96cc1a051c2bbe8c96d842a2743c747f303c656613e19,200415
395,1705614300,2024-01-18,462,iETH,1685825163,a74340a486e8463d7574049adacae6920b126c6776c41ff1fb0ed2ce,66796
396,1705614300,2024-01-18,462,iETH,1703110564,194be08c262eb7b7f6ec140cf5671f79db99cff9d2011b8b0ec6d579,2465179
397,1705614300,2024-01-18,462,iETH,1703264406,cdc1d2b723311b51f6085a3038ee5deced3ca709c32a689313f8ff7e,438115
398,1705614300,2024-01-18,462,iETH,1705354257,2357ad49f3bf65e0a5ba52b8594959903418e851dcd08e6a906ebe4a,63187
399,1705614300,2024-01-18,462,iETH,1695040822,072569588caa5cdfcfc07a1bc6e8731d835f6a6f5c077d1d6dee0756,626078
400,1705614300,2024-01-18,462,iETH,1682288552,3a826ec6e4148fb1370003f967fd432adcb29aaeb72e5bc230d82105,11503282
401,1705614300,2024-01-18,462,iETH,1692836957,31735ce88157a4b959f5e404f69aa0a7ff6b9bd0cc3f28d39943e3d7,128969
402,1705614300,2024-01-18,462,iETH,1672996717,8732d6ae48c07b2694e9918fcdfff84e0995b165d4615c32fc76a978,2638687
403,1705614300,2024-01-18,462,iETH,1673546438,623f00f49ed872b8fde76a4d5520f4ff63e50dec00b938701fe2aedd,58552
404,1705614300,2024-01-18,462,iETH,1689751905,590d2732226bce1245e4da51d3c55e00f3e7ec6a16c5117904558405,765960
405,1705614300,2024-01-18,462,iETH,1678263590,dbf5237efea8d4014dd9dd124d0c1f8798e92e1e2016cf670eaf1424,86604
406,1705614300,2024-01-18,462,iETH,1704135906,284839fc9946e6331dada95c3f7c14e995b738b0e580d8079c50bac1,1257900
407,1705614300,2024-01-18,462,iETH,1699449753,26e78ce37e00827ccd46cc9f6affef685479c8a113545c7cd97effd8,641600
408,1705614300,2024-01-18,462,iETH,1702531069,d1882ca554874870c770e72a9c9c1367e26c4e8bdb161829f8273c42,1504985
409,1705614300,2024-01-18,462,iETH,1685766099,fc3f98ae5a3b654f6d89eebba84dede2c2ebe58d58ed3d59984dfef4,7
410,1705614300,2024-01-18,462,iETH,1695044207,fa9c7e0beaad372083bafd39c7cef554824a1e9eb21556676864ab7e,39712087
411,1705614300,2024-01-18,462,iETH,1704955885,884df3e0fff4afb4776085f7cbcafd4daafdbb92efd54a094938a24a,152570
412,1705614300,2024-01-18,462,iETH,1686506605,9e56b28c6ebeb632b7144c800618f085d67742c165f03ed5626a56a4,12027376
413,1705614300,2024-01-18,462,iETH,1698449813,ee956a31ef2cc051e8a7890deecddeafaa26c189d1e0506ecd93c0f7,2217631
414,1705614300,2024-01-18,462,iETH,1699886854,d71d2c73bf46e63af6cc3573fbc0c677840418453c6920b0b39d1d64,511125
415,1705614300,2024-01-18,462,iETH,1692781427,bf97ad99b5269c15e3726290f95f0fc0ec8dbada31183778548d9da0,30586559
416,1705614300,2024-01-18,462,iETH,1688505524,0caac09ff220e441884a7a73eef7a39f1372cf9bf052c92db4155457,4103614
417,1705614300,2024-01-18,462,iETH,1677830331,690b0a92962d8e5940212f11e4e414db2a6a773f06923adaa063bf7a,14506050
418,1705614300,2024-01-18,462,iETH,1705269410,fc8d863f2c270f088202f7ab56124fc724c1c058d5fa2e1dc3cbf759,991037
419,1705614300,2024-01-18,462,iETH,1673312205,8707ca72180e998be7256d3ca209f1018ee51fc9f9e1d55fd1d962ae,14316
420,1705614300,2024-01-18,462,iETH,1705613108,dcbc64ce3cc4aeac225a45dd67dfc3717f732f6303556efb6dd8024f,4962308
421,1705614300,2024-01-18,462,iUSD,1669065272,ad122b9fa3ab86495712afd2a6f655430427c2cf21a54fd0c8fe8e63,131640229
422,1705614300,2024-01-18,462,iUSD,1669075286,8dc46b205f4e3147a3bb91d9d76b188da58b1da3f1bbe5ce85093ba6,10686938
423,1705614300,2024-01-18,462,iUSD,1669112083,f0cde7772008d840812c16a10b033c4b64949c7026e1cd26384b812e,7530381
424,1705614300,2024-01-18,462,iUSD,1669139733,e2a0f1cae6e8f02aa0fdc9622f8351573919d111cea3bc1eceb898b5,58747518
425,1705614300,2024-01-18,462,iUSD,1669147957,7445ca9f38f1c88e0f7f1ec5ba3f11352a03ebdc93814ae8cc3c4365,1559514
426,1705614300,2024-01-18,462,iUSD,1669148490,56f657fe0244e7e283418ef04510779eab7f5f4791cfda7ef19b020f,20857587
427,1705614300,2024-01-18,462,iUSD,1669176184,8bedd3fd1561aa61bc84af3b1354a73ccd0d25e56ca6ad10d46184c5,6300484
428,1705614300,2024-01-18,462,iUSD,1669179690,f08a2242c6a6353ea38c9316dc478cad0d5e53eef6c1833e763eb33d,3940889
429,1705614300,2024-01-18,462,iUSD,1669213596,0944891a137e8df0f9e8d6bf87f7c77b6b2630c69af3e5281612f484,15132159
430,1705614300,2024-01-18,462,iUSD,1669307087,b7e3d8ea466740d71d745657f3078a52f9603a22401ffe10d5f84704,1984368
431,1705614300,2024-01-18,462,iUSD,1669448567,ef1af1a8910ea15c905f4244cbf01932b9cd343cee3f538be0965412,6613995
432,1705614300,2024-01-18,462,iUSD,1669504825,b5373262fed909ee4b36ac1cb3a3fd9112a45078a09c2bc5d7fff5df,8283272
433,1705614300,2024-01-18,462,iUSD,1669597636,88e170617a780709bbdda9f213666a62d7a9b2cba72c82fbce60d039,224603
434,1705614300,2024-01-18,462,iUSD,1669672807,dd4ec1a00770d0659820e0083be64e233a9da64af048ed52e2c9bf00,2920944
435,1705614300,2024-01-18,462,iUSD,1669685445,2c19a094c5f1193406dbc39958bb9c8ab662b8fd06587e47060c2718,728787709
436,1705614300,2024-01-18,462,iUSD,1669710492,67b9e1699f39f1483dbe59aaca3fe0689992c2c0c996d6394e4f7569,10031393
437,1705614300,2024-01-18,462,iUSD,1669738883,663197d6c6deb7037a232cb477b7cc4b559e93b8aa392f136e2d1e32,62696211
438,1705614300,2024-01-18,462,iUSD,1669827855,b5fc9bc8eb047299ba87a5b613947f9c9abaec6ba994d7a835a2479e,8322504
439,1705614300,2024-01-18,462,iUSD,1669865529,65d6303282486d29912b02c301c44d66d1c1ad41c3aa32afde902098,346520862
440,1705614300,2024-01-18,462,iUSD,1669872168,24d1ce22399ea1ad15281271e90aa1ff32729eda148ccb70b5ae29de,9281439
441,1705614300,2024-01-18,462,iUSD,1669245894,7027a58b0e7ba0c62c9c728ed6c39aaeea2a5a6eb7655dae15408d74,675797
442,1705614300,2024-01-18,462,iUSD,1670018018,c6cd7420bd85c47570966504ccdc3847422b7fa54b2b2e9da06d49c9,26280514
443,1705614300,2024-01-18,462,iUSD,1670075438,37ed0edbae22b1cd07e47eade303eb9911b4ce9c80ca0f96906b277d,33510864
444,1705614300,2024-01-18,462,iUSD,1670100105,3f8f2cdd4da6db7af455c401c0e2108d6e2147856f31f815c0036689,1342887100
445,1705614300,2024-01-18,462,iUSD,1670114276,84ecc5f7b81ce47c366701b164b6ecb5feff0bdcf2672755a2d2917c,51932449
446,1705614300,2024-01-18,462,iUSD,1670252364,82356f5dd9c1d197555f8efeece254a8db19ef9857f7f1fe0d168fc3,85576511
447,1705614300,2024-01-18,462,iUSD,1670255501,193cbbdd794fd3f6c3cb96d10463421f633f66509cfc2c50b449dfbc,17461055
448,1705614300,2024-01-18,462,iUSD,1670273681,aed65613b6eaa83bacd22c00f0be750f1eb6b3dda9e5639434b8ebfa,1478174
449,1705614300,2024-01-18,462,iUSD,1670302830,57bd6627620ca97848d563e991aa18abf036fe7cdf1e8dac55e39558,5922333
450,1705614300,2024-01-18,462,iUSD,1670345959,114ed1fa4be6d0fc67ac7eb0e7c59955986dc2a646f2dbdb03f98d7b,80956764
451,1705614300,2024-01-18,462,iUSD,1670362147,577cd4ebc8dd617a8bd294f1b4bd853e1c2c82a10616ef099601b26d,460598
452,1705614300,2024-01-18,462,iUSD,1670543970,f6bec0f37a857e1281e70c22d6f5c1b45f94b6ba6d9bc0e97dd614db,1304784067
453,1705614300,2024-01-18,462,iUSD,1670658828,53ad03696a854631cba8cdf7d2628fe142aae67a9e9ce8a19b81e4fa,19785891
454,1705614300,2024-01-18,462,iUSD,1669713386,8ce5d17ed848dc9ee4fbc3bb79271e1efbfaf43d9ead7df700faa0ed,13733031
455,1705614300,2024-01-18,462,iUSD,1670853704,5f02661fe9260d523acf4075e2361c9ccd10d6f9b10c5d2837151284,8102175
456,1705614300,2024-01-18,462,iUSD,1669211571,5aa3cc24dcf73c5402762bc5aa229f63f6bdb0ddbcdeb4a6f3acb59c,4945046
457,1705614300,2024-01-18,462,iUSD,1671135791,64ef8751f97cc1ef51b020ca8f648808e77698aba365802d49840f2f,5014718
458,1705614300,2024-01-18,462,iUSD,1670738474,239f2ce7543af3b3c9119a00f53a64ad8e1e4b19d90fd1dfaecd7427,1
459,1705614300,2024-01-18,462,iUSD,1669475711,6747fe860de920bf606e1d93b3bc44d208304c44415a30e4095b7d15,11981
460,1705614300,2024-01-18,462,iUSD,1671302494,d5faac42498239db89b4f4b5342a64c36d47ed6300a0b0c03ee460a5,811463
461,1705614300,2024-01-18,462,iUSD,1669105032,642050a5c5961494b8342be7339a9021eec09b44b199648ab6f2be18,1075064
462,1705614300,2024-01-18,462,iUSD,1670063874,58565b9a0b90f766dad48a3cb365453b452565ecb6773a55a5517b48,4023416330
463,1705614300,2024-01-18,462,iUSD,1669588932,f946a9da7bc2551c51e8bf0d38a5f7978c825edbd438c8f89a904859,4127638
464,1705614300,2024-01-18,462,iUSD,1671840635,91aa6ddecfac713f774fe7635bc6804e96e008cd220186a1382b7f1f,4571112
465,1705614300,2024-01-18,462,iUSD,1671993895,37ca722e2027c5cf406b6ab9bfe3a6a3a6121ad56ac88e6039789e3d,40595125
466,1705614300,2024-01-18,462,iUSD,1670372149,53313be7f4738a1ad1554126858d052f318ccbf66d88b5016e9155d5,145358
467,1705614300,2024-01-18,462,iUSD,1672330227,74d50c0b2a239a06b6ac587434530db68e66bf0fd59e1c103629c8b7,292061584
468,1705614300,2024-01-18,462,iUSD,1672420537,a8a8d6cf9f5babf18575b08d03ddcd6a055a0a1dab04bb2213fd69a9,23386969
469,1705614300,2024-01-18,462,iUSD,1672489377,f2c550cc77d4c4360fc6b780b2b794ee7b55007d8a441bea3938abb3,19148100
470,1705614300,2024-01-18,462,iUSD,1672511308,f3a01380eefce347d7713b4c5d50e311521511808e535fae44fb59f2,10329344
471,1705614300,2024-01-18,462,iUSD,1672652206,9b113025f2c6f81786d0214a1970cad776b3db8072262d939286d1fc,2115062
472,1705614300,2024-01-18,462,iUSD,1673079578,160fbbec0ed081424274993969fd198d802e3b8495837cc20ba07598,17061371
473,1705614300,2024-01-18,462,iUSD,1673172799,9eeb45bc82ef7227205a3a13b4b89807a4528463752f76ea433c10e1,11210602
474,1705614300,2024-01-18,462,iUSD,1673261056,28b66d8534f750f7e6ce51f398ee9f7436525bfa1b3cb1a7f36f38dc,616006597
475,1705614300,2024-01-18,462,iUSD,1670678534,bd35e698c1519cd374228d72345ac3a007aa585b19e1fa76ac768818,4440404
476,1705614300,2024-01-18,462,iUSD,1674349081,8c964a70518a80f577b48a7281cb1843ae4c0a40c8e4dd5af17bd06a,34513762
477,1705614300,2024-01-18,462,iUSD,1674455773,5cdf84ad76fb735689a463f081ce64455d07208781b617297b622830,85070702
478,1705614300,2024-01-18,462,iUSD,1674752394,6e40bd68f7505ec6b2943305dd1becd267f0bb79b5e46bce75718d41,35628112
479,1705614300,2024-01-18,462,iUSD,1672996946,f9f1d44d00b15f63b1aac48dd4e3b4738bec1c79cef84b67ef5c69e4,47581441
480,1705614300,2024-01-18,462,iUSD,1672369438,d71882533c70394cfade226a4b2338786ffcb27bb1a360148508c28d,65222539
481,1705614300,2024-01-18,462,iUSD,1669733990,559d23a5db8f1b809ba9b48e7504582c96af34f68495f3ed51b2cce5,276325652
482,1705614300,2024-01-18,462,iUSD,1670212820,68508e515cb193333cce070a1c36b7ee417313b5648af8965d81bd20,591869
483,1705614300,2024-01-18,462,iUSD,1675466137,3993f803206b3c6d823fd5286f5dc1d4c91135afbafd3e54f651a411,3149377174
484,1705614300,2024-01-18,462,iUSD,1675480875,962451fcde3d1d3603722efc54a8f7d0d370798ed989947d4bb1b6c8,82193726
485,1705614300,2024-01-18,462,iUSD,1675564259,72a59314981c54873af2418f0690f8e52ba89562fd4dfcb5fa7aa4bd,438830241
486,1705614300,2024-01-18,462,iUSD,1675864209,3e5e3dc4c45ead7c7e88fcd186620ffe4b292bc02a54aebb5c753815,82502119
487,1705614300,2024-01-18,462,iUSD,1675993303,68e1002e7fbfbfae546c4597ec5a986db289ef36a12d40b58a5260be,41459801
488,1705614300,2024-01-18,462,iUSD,1673399876,6bfad24902340f4237017493bdf4490613343a1c2f02b7a5b4f4e337,19018996
489,1705614300,2024-01-18,462,iUSD,1676992511,76acdf55012635af253d2743b41d17dfa4459293ad2ba44104050c2b,12335096
490,1705614300,2024-01-18,462,iUSD,1669265142,332640ca63bf1c45ca8f5beafe24f3e68887f052b3a03914e2efd235,20408012
491,1705614300,2024-01-18,462,iUSD,1677864832,d4274c2088411d1c7c9bf283cb734d0fb4577bc45278481cfe7505f1,45438810
492,1705614300,2024-01-18,462,iUSD,1678072077,ea374c2d569d63853df7d92c816502210495360908aa4df12568e567,9248055
493,1705614300,2024-01-18,462,iUSD,1669041696,df3ed3c34530edc62131484128ad73c4a256a8974d6a52ec845b64ed,612326521
494,1705614300,2024-01-18,462,iUSD,1678827378,8bb9f1df2cd1d6f7e3c5758eb144bf720666784db45e4fd8fa7ca440,3391367
495,1705614300,2024-01-18,462,iUSD,1669578539,89d095d531c5d92be599e65bfe27c44652b2cf99b72a332427e9d8a2,110949755
496,1705614300,2024-01-18,462,iUSD,1679594146,34d9199dd24497aeedaaa07324c61c74d192d13417e9c35147c4a56a,9142045
497,1705614300,2024-01-18,462,iUSD,1679775777,278c8e15c48d22d81c86ef27d34212b6e3b8ccaab5414d4ee3633b7f,9095864
498,1705614300,2024-01-18,462,iUSD,1678385352,cb7cb7825c61148750bb1569f658df2f54872e4a21378797628893f9,606242561
499,1705614300,2024-01-18,462,iUSD,1679448627,3e10263d5b2ba0da4de992fabb8c5f84d8a1ab8714c671a6d5856b77,3664623
500,1705614300,2024-01-18,462,iUSD,1681285969,65fc42e22008193de7a306e5fe9fd2f577c152405566e88cb9799936,9728797
501,1705614300,2024-01-18,462,iUSD,1669519909,ef500acce9b7728948264268d5807c40106c9cfc347b884efff9db46,339635641
502,1705614300,2024-01-18,462,iUSD,1681612170,73064ed9d446fe559dea6a5c0484f4c4876d91e1d7442109f6815770,1297727
503,1705614300,2024-01-18,462,iUSD,1681067822,e28aba5171ad00a856677709fe5fbfb3a6e298f99c156ac780559240,208671415
504,1705614300,2024-01-18,462,iUSD,1682275326,00dbe9c7a086b01849f3b76fc376042ab007d22aeff9fe5ad2717840,53105577
505,1705614300,2024-01-18,462,iUSD,1673114501,1741556bb8f73f9ce821d81a273de59e3cbed3ce6ae3358763709f59,828694
506,1705614300,2024-01-18,462,iUSD,1676283164,f9f2145a4745019f15d0b21fcdd6a58e7f2e4f7b94337fd9b5c5db63,322999
507,1705614300,2024-01-18,462,iUSD,1681901693,324b6c26b4d9b073ddcfa472805dc34452bade6de21f4c03fb2b1818,5393256
508,1705614300,2024-01-18,462,iUSD,1682515900,246e54e96104c23bcd7d8c64e2800100761178c08c831385742f1e23,626333
509,1705614300,2024-01-18,462,iUSD,1675426755,286ad3b19328beb1a9794af815ad8c71651a0369cd8da4aa57104735,8188644
510,1705614300,2024-01-18,462,iUSD,1681077298,5c09e2a58cc302fffed20347693d203662ff73a13dc71dac8d322f50,604674
511,1705614300,2024-01-18,462,iUSD,1683570912,9df87edb89f15cfbbc1d2bc31d67a045860d2eed2e9b5c7f81317e41,7780021
512,1705614300,2024-01-18,462,iUSD,1683739245,57d407e152f15436acb9ae40d001d051d7dfef85f575dd739a6c85c0,87211602
513,1705614300,2024-01-18,462,iUSD,1683753495,7a8a0ae460d6803fe27a3ee1d3b10e1f1aab38dea89b608d94f3ff19,74886014
514,1705614300,2024-01-18,462,iUSD,1684115012,24be347acbb7713ebcd0f5b2b131f5d6ec0b9d48f4f142a0da648760,6194012
515,1705614300,2024-01-18,462,iUSD,1684438585,fe305441ef512260f2c6a5a88326bff15ea41fb8d5cdf036968988f4,78791899
516,1705614300,2024-01-18,462,iUSD,1684506687,47195e22579086e671fd58e9458f9eebe2c2ee4b099138ac0d281714,7627025
517,1705614300,2024-01-18,462,iUSD,1684528147,cef48e82717f374be93b1e5bccad65b68e9403e57dcec8f251b35455,182743073918
518,1705614300,2024-01-18,462,iUSD,1684959728,d59bd2a7dfdda65788e0e5b5028b8af63831b832390bba330a2eee82,3089582
519,1705614300,2024-01-18,462,iUSD,1685310512,8d40f3075338523fa3ab3455dcc2d07d7cbd48f02186b44270367f56,14530370
520,1705614300,2024-01-18,462,iUSD,1673293055,8707ca72180e998be7256d3ca209f1018ee51fc9f9e1d55fd1d962ae,4134465
521,1705614300,2024-01-18,462,iUSD,1672426208,63b3889ebf65aba913b3ca44031d7b2c59b04b0727c3f2e67d52d034,6530864
522,1705614300,2024-01-18,462,iUSD,1685839250,b4cae3fa064ca51caef29fabac5ad516abe965e7ff23fd150a8ac4c7,45745727
523,1705614300,2024-01-18,462,iUSD,1685908946,028e1d95bb16f9205f5b7b2f597556c72dd9c67a53663b69a5bcfd5e,171080345
524,1705614300,2024-01-18,462,iUSD,1682175994,36e7a0d0cc0aa8097eee1cb2c052221d192467310c3fe0964b2f24df,4052256
525,1705614300,2024-01-18,462,iUSD,1682330035,50799f7dba5923c0dbfdba5aab54eb247df7039b260be7fb579b0aa0,2
526,1705614300,2024-01-18,462,iUSD,1683532688,19c1be2fd0ce6e32cde0185dd60a56edc288d8de6243c1ca4e569f51,38758
527,1705614300,2024-01-18,462,iUSD,1681931524,fba0d2c2242bf4794c16df6438f63a677f173b53f5e57c3646431f3e,752446
528,1705614300,2024-01-18,462,iUSD,1686236087,206d7694ee3d2734f453414972c1758f1462fd8aa3366c7a3dc1f8b8,41468347
529,1705614300,2024-01-18,462,iUSD,1685798389,3320216f1ae5b4d1bb1fe4912b28facd2e7cda8774f16d51f12b9824,4149273138
530,1705614300,2024-01-18,462,iUSD,1669190350,243143a1edf725605b078e3660ccf3ef4811e54ce8d70b04ae15a4b0,2198158
531,1705614300,2024-01-18,462,iUSD,1686392005,67269b7b7c3eeba5e7fbc3101a98137e5a61b9b355bfa57ec2d3f60d,2782632730
532,1705614300,2024-01-18,462,iUSD,1681411227,45205288ff65fd218fb46790846d21c21e6c17a2935357aab294786e,735014
533,1705614300,2024-01-18,462,iUSD,1680214523,bbc6d8e0a8f8fa47238a3df22e1b9a0e39a0de2330ba5b49d69a6bc0,73431483
534,1705614300,2024-01-18,462,iUSD,1670089677,264b3be253f8b7ded1b7c01a483256379777df963ce59e49167e95d4,133570178
535,1705614300,2024-01-18,462,iUSD,1684789210,bb0f5b12be7e2bcd62cdd47940f17714a1f71a29d865e9fef823caac,414349018
536,1705614300,2024-01-18,462,iUSD,1686466441,289cee24fb86dd5d5b6f02c8ca80397e03fa83c086d6e698e3ec330b,1501228
537,1705614300,2024-01-18,462,iUSD,1686498542,d70718d3e1db70560f6ed8698916bf4fb99ef5f0b7b013b3dd35c115,65629768
538,1705614300,2024-01-18,462,iUSD,1686516942,c2ad2086100a4240ecbb70a1c93699235750bed5cc26d56a6220c67f,226691301
539,1705614300,2024-01-18,462,iUSD,1683872019,b7169d51b139306b85aea0b9bf1707d56250572cc8cae113a846a4c5,213960484
540,1705614300,2024-01-18,462,iUSD,1669102039,ad47602fd2e1cb7a8f94dd6aa26b927b7006651f8e87123d60386c0e,201399714
541,1705614300,2024-01-18,462,iUSD,1686553368,6c348312a0608ec6032c6b58e8570d4eb54a6792e95185b661ecd19e,125746603
542,1705614300,2024-01-18,462,iUSD,1684239826,93a04efb87bfe0561564998c38839778443fa52b4ed501ae02a77866,1
543,1705614300,2024-01-18,462,iUSD,1684738575,3adcdfb9ffd10f6fe6e9729057aeea9415faf43c87222f70a79b427e,560813808
544,1705614300,2024-01-18,462,iUSD,1686357988,c8ca667b94b226c0400fc4f3f8ce935ef841edd752b09fbf28b1cb16,4987564
545,1705614300,2024-01-18,462,iUSD,1669605083,a4bb846ef68110900c05f24352c1648db506ec921bf6011e61e01684,80966426
546,1705614300,2024-01-18,462,iUSD,1686904316,987894dea0f7cedc976ab26c7384a072f94d38778f876730df6cf3a8,1128488700
547,1705614300,2024-01-18,462,iUSD,1686925849,a61e01183e93a2bd0cb1ee515fe8c652c33404cb1643c0bb5867cd63,5184401
548,1705614300,2024-01-18,462,iUSD,1672710507,23d5170dffbfa8d5cf6534cd1c06d52d6d2e8819b7914995fa9a94f4,1
549,1705614300,2024-01-18,462,iUSD,1671363423,aa8b22272df60f8f0e8fbd918edcff8e2d6a061abfd0510712964da3,62786281
550,1705614300,2024-01-18,462,iUSD,1686213777,100747c195d12e8e0c443c5eaf99c8ae8329642720d9f923d6e644fd,3114529239
551,1705614300,2024-01-18,462,iUSD,1687044861,ae8cd1b8b6b4d6219985afb80a2acdb275eff59f4e1cf94ec01c08dd,85323866
552,1705614300,2024-01-18,462,iUSD,1687091270,53d081f4e3093d26ce758b5b34fbdb4f9a838aae83e7257cc8fc5d59,9286543
553,1705614300,2024-01-18,462,iUSD,1687095389,810fa90e5670a736eb92bbee8bc538bd6e641667ba73afe3e74f8046,6070141
554,1705614300,2024-01-18,462,iUSD,1687113409,1c9a3d3314df62b223b8683be48cf9dfd5359058cb23851f8fcff4d9,7379517
555,1705614300,2024-01-18,462,iUSD,1687060014,03eff44005d2c091c2647b45a89f9fe5b0ecea143c4e954cfc2dcedc,626913
556,1705614300,2024-01-18,462,iUSD,1687192406,864f7a3b00ec7f36857c76b97cb1b32ea61360522085426dac6de657,93752863
557,1705614300,2024-01-18,462,iUSD,1687208004,c56ae41f6148d38ef6528fcaad635917d659e7896dbe4ed9734be7aa,23094019
558,1705614300,2024-01-18,462,iUSD,1687274611,ad7fe2d8b9b3cf82a37e9633c0e48784f788f352c5314d5a5e20bf08,22800183
559,1705614300,2024-01-18,462,iUSD,1687281488,228f7a0a9cf92326f01761f7311eea4f14bab84d35f9222b4900d312,587609920
560,1705614300,2024-01-18,462,iUSD,1671731452,8bb9c1842b5df8a44359e65982adb4d2a7d0cb745a2b8488592e3d9f,55237652
561,1705614300,2024-01-18,462,iUSD,1687364710,ca9ad9d3aa303cf4205c00bd707881b0dcd2807816e5a6ad59134aa7,191105288
562,1705614300,2024-01-18,462,iUSD,1669144011,fc5543c66855df3872fc1c6bedbd95bb592feb158a7656d0964358b1,10476642
563,1705614300,2024-01-18,462,iUSD,1671695514,fe822c00f04e3ae7c0c0f92523e6f644645db628621f17a25e88642f,73154171
564,1705614300,2024-01-18,462,iUSD,1686317421,4046d7935086947d2c6dba7e4e5f0db6f8fb72f945d1c1f992ab6c9d,569171
565,1705614300,2024-01-18,462,iUSD,1687515466,5277d320e4e981971f75599c3c15bc0abebbdb6aea9cbadccb16bff1,109968015
566,1705614300,2024-01-18,462,iUSD,1687663896,eaec8a1a356ed27fb30ce01dca32e642e85c0c7e0c330aa3b5e6143d,133727169
567,1705614300,2024-01-18,462,iUSD,1687672032,8349a2fcec7eba3f55e7f7b603f0f2bdf932405669b4b42bca49cad9,9288558
568,1705614300,2024-01-18,462,iUSD,1687674996,350370eb8dce8178f824b16c34a1df2ee956a3b488e0890d40e4256d,46442792
569,1705614300,2024-01-18,462,iUSD,1684951835,b1428eb9701f0ebc77e97ea2f7fcb5b6960513c2000db36db80ee52c,2147528
570,1705614300,2024-01-18,462,iUSD,1669664218,1215c650198e8fe85528c3640a864a2b9202f1fdbc5a63e3c7663db5,23824327
571,1705614300,2024-01-18,462,iUSD,1687795484,e4140e7cad203c8a050cbc966735f5eaa1110e1719040b5ec18ccdb6,3120386
572,1705614300,2024-01-18,462,iUSD,1687833554,144a91af110e1f266e04a5fc28a41d897523570b8c8ca12724be3b64,63893318
573,1705614300,2024-01-18,462,iUSD,1688062661,5f7d1aba60a090039edbb0294ccb27d3617a8827396b292ee49dec9f,196762726
574,1705614300,2024-01-18,462,iUSD,1670964934,df14eb586b1cc9bd64d32ddab4f401239ce21622474b22ba83193f29,1
575,1705614300,2024-01-18,462,iUSD,1688243711,d1b4a2e733c66382f3c60bf7a43803b57e44c07d5efe87bf8c4185ee,354007102
576,1705614300,2024-01-18,462,iUSD,1680691159,c12e9cc03830ebd3539ff3f6cec70e37fa4d9654ca7b19f3e92add09,684182
577,1705614300,2024-01-18,462,iUSD,1688565432,f4111bbae46475ee2fe4ddcc9b4e56b6bde1b12464cf0ffd1da01dbe,84520476
578,1705614300,2024-01-18,462,iUSD,1687724067,1d7973ee2e656a214ebd66635ffc5f28ea4b76cd155316ac258d737f,4
579,1705614300,2024-01-18,462,iUSD,1688576971,47a70e7e1e30fa7879992e6d45818928c30ae913cbebafaab2ce71f1,4144516
580,1705614300,2024-01-18,462,iUSD,1688660137,82f241eb5dadcc19e9990f85c9e7a93bb655b2c07ed3fe375509b417,71712309
581,1705614300,2024-01-18,462,iUSD,1688877617,cee88901cf864fa86dc84f90f43ef51a081d79457173b1a9c5f5163b,10770499
582,1705614300,2024-01-18,462,iUSD,1686993936,ddf0645e036c907d05ea30c896a7412ac7fbe1e0e6cd009a9cc1a28d,3
583,1705614300,2024-01-18,462,iUSD,1685217210,597f95da769ea4d957262de8280c653109cb3b72d5ebf25e894a16e0,3120
584,1705614300,2024-01-18,462,iUSD,1688903191,17abbdbbee649dac78243c157c3238f34b9368e0e7d2c0232951484c,4050176
585,1705614300,2024-01-18,462,iUSD,1688925215,10a2ea055b227f1d48a0a462ca6048f82693653fdb534eb7cd3ca654,322555840
586,1705614300,2024-01-18,462,iUSD,1681288913,514ec5e427280c6bca6a0d79dea12bc793673a7241ba8f6f982a542e,256151003
587,1705614300,2024-01-18,462,iUSD,1689070099,67806817b5a6f5deab56bebd3cb40fe54b33e574c929f66038694808,13578577
588,1705614300,2024-01-18,462,iUSD,1685323916,e56d333d5f95252d68f7c7bb93abb5597fdb6e7853fd3b391a2896fe,201042074
589,1705614300,2024-01-18,462,iUSD,1687712663,8882040c52f06ec0ddbb69b43fb12ff177a723f1a87ba44bdb783729,1949744
590,1705614300,2024-01-18,462,iUSD,1680497639,f2a6c0d4cf8b5d29ef1a526543844df74f48e57a723f8dc3aa7d0700,9785807
591,1705614300,2024-01-18,462,iUSD,1675788079,4f3e26f997727f545315520c7ebea39f54580a528754927778354dee,405020771
592,1705614300,2024-01-18,462,iUSD,1674845436,e04ad9f221db058997b74653494041917fe1e69e2b9cb027132bf88b,1
593,1705614300,2024-01-18,462,iUSD,1689538896,dc4f211e154e0a1994da4d0ff78ab6940da37643026fd55640b37266,21549380
594,1705614300,2024-01-18,462,iUSD,1689545230,0f74ede103adb7050c0ec12533911dc20b449e1ce9b1e7b19c773f82,15292056
595,1705614300,2024-01-18,462,iUSD,1689553613,20dbc91dd83004def0b7b5ee1073d012cd8369571bba1892e37990fe,389453865
596,1705614300,2024-01-18,462,iUSD,1687256506,8f949023bd7eaa7f381c2ad298b345b7750cf9d04a1f53d0adcab6c2,56064588
597,1705614300,2024-01-18,462,iUSD,1689624971,96278b46637b84faf5c2e4d79ca1c3034721972ac784030cdd2f2fe8,186407979
598,1705614300,2024-01-18,462,iUSD,1682942290,24e2a220f53ccd6ea5908cb441244f1bc2821a24044e2cc0dfb8a241,31654
599,1705614300,2024-01-18,462,iUSD,1689711466,ef9de691f4e2a8a57504a10dc805a8e20ab0cf9e2906769420f3aea9,14213528
600,1705614300,2024-01-18,462,iUSD,1689787172,df7f42a4594781aabfc866f3baac1486457f32ea8981c17d0f991831,9290007
601,1705614300,2024-01-18,462,iUSD,1689959734,ec39d10b072cdc5297cdf1683465556b81d641cdd07fad63ae4fcdd0,116125099
602,1705614300,2024-01-18,462,iUSD,1690063387,50d250e7e540d5c12595729616d0dbbfbbe12ab4060c6a33cf768715,74320063
603,1705614300,2024-01-18,462,iUSD,1690087163,49d1c05ce83ea5dfd6abad09021caf4c5806f207ba657091c46a501b,30670297
604,1705614300,2024-01-18,462,iUSD,1688577981,387700ae4dfdf8a65b70d7ff59f155f1ee30d2f7e2483337f6d0782d,204239817
605,1705614300,2024-01-18,462,iUSD,1686783324,5b1931f083d9a8fe8fd2ee68265df2ebfa5cb6d3cde6833c60a5aeb8,181696322
606,1705614300,2024-01-18,462,iUSD,1686715636,d07a74350a813a2daed74dfade4248bb51ff24da457a48fba9b4539b,3103209427
607,1705614300,2024-01-18,462,iUSD,1681436743,f1f046fcc9cd06aa851f3296213d127f954ecba8136ee829a645f3ec,1238870
608,1705614300,2024-01-18,462,iUSD,1670440549,d33119934f905c46c074d86b01e9ed68d8df9416c1f98311adda04d1,150169517
609,1705614300,2024-01-18,462,iUSD,1688430915,ea79af332a33e08d0180ace4940a4bba5e9040ea76bf0f8a884279cd,84779980
610,1705614300,2024-01-18,462,iUSD,1689768291,966c8c683271fb81c24235f265eac3d02095b67ca0613e08a0de963f,185800158
611,1705614300,2024-01-18,462,iUSD,1690584609,270a564190936d5e6199cd157798a1d802e05b5c4d69a756d02a4024,65179271
612,1705614300,2024-01-18,462,iUSD,1690493889,159af115130e7a5e8ac56e11c97ebfc173b379c9ad0a240b112eeefe,32026407
613,1705614300,2024-01-18,462,iUSD,1671559235,0392279ce70fc3bc7d60fa0437da097cc264ada08fd59acdba593965,116596025
614,1705614300,2024-01-18,462,iUSD,1690893368,7aeadf295aa5275bb56ee50e2608cc2672d1d01e57ba0bec3dd00daf,1061696
615,1705614300,2024-01-18,462,iUSD,1690980164,3b7b01b415e7533f8bceb3e9e467dbca6d784c7be99fcadb68b1a9d1,4589081
616,1705614300,2024-01-18,462,iUSD,1691044758,728b52d41c48009dca4d9f7331776537533452cc035505ff82ac9079,1383323
617,1705614300,2024-01-18,462,iUSD,1679354889,fe214b004cc1504fc1544acd5b5e0d6dfe76484168e6c7d57d752b79,7807201
618,1705614300,2024-01-18,462,iUSD,1669872874,3676a8f6fc88d00bb27fa5eb2e25f91b69ad6b211c9931263bbeb39c,12821271
619,1705614300,2024-01-18,462,iUSD,1691235769,7eba1da590e93ee9a4da7bf746111c27c6b21f82ca90fd8c7ca5a441,51321616
620,1705614300,2024-01-18,462,iUSD,1679666117,4b4d2f7ec3cec8a1b3105c8cb94a6e77bd64f3fedc0bd828ffcbcb28,472789720
621,1705614300,2024-01-18,462,iUSD,1691308688,3b45d59fb8b82d21d208964521a6bbc8d42f06b2ed7e533f8b7a745a,731491461
622,1705614300,2024-01-18,462,iUSD,1691327317,8daf909109e33c204da5034dd588269357cdf89c0947d09c1812955f,67575475
623,1705614300,2024-01-18,462,iUSD,1691331409,8fd369b6dda38f92043d8595e10ba47a47f2f48f71e37951a6af4fcd,96834762
624,1705614300,2024-01-18,462,iUSD,1683249458,4dc5cb65b80027553882008cef8ce7356c362e083f00aede47ebc35f,26
625,1705614300,2024-01-18,462,iUSD,1688410645,8b824c5bc7c0c7c6ef3396d567c47dd502e361f62d9f9e6015eb8150,9385623
626,1705614300,2024-01-18,462,iUSD,1691254910,e1d69e1f1e390faddb3d82a5d66c971e4bef61893892252dfca99837,3422
627,1705614300,2024-01-18,462,iUSD,1692133482,b8c025a487acc9735d8bc4ae174ef37a96cb3b9445c45f7d94f9b02c,131046950
628,1705614300,2024-01-18,462,iUSD,1691505393,e8be99d7f6e19ccb5282e5387ddbdc30308653a1ee0478e1fb209e07,222750530
629,1705614300,2024-01-18,462,iUSD,1686341707,bc3dbd25ddb3da8133ae71b85d66fcc5ce16a42cbdf8313173b61ca6,29074
630,1705614300,2024-01-18,462,iUSD,1691854405,076fe746635376963ae1c07c98dfa6a84168ff429673d2546ee5e744,4948698
631,1705614300,2024-01-18,462,iUSD,1674578136,1a6bd66047466d65c4a336460ed902a8aef0801554a8bc831a49ea18,948365
632,1705614300,2024-01-18,462,iUSD,1676953192,7cf91d208dbe661058d16ea8ef2c387153cf91944aabcb9c7ef7fa1e,948365
633,1705614300,2024-01-18,462,iUSD,1686764579,6f860cd15e7d9a0fe71735b338fa4ad81e418ddaae95928bd2994fc1,7106679954
634,1705614300,2024-01-18,462,iUSD,1692883690,ea8d6023f782f4802d83c0c803c213be848f2a5aec6bceb40a3a71c2,448060
635,1705614300,2024-01-18,462,iUSD,1693161881,a78e32382cd9a5a2b8d7700c24cb7ff2b42b14fe8e649beb51d51bf6,30347686
636,1705614300,2024-01-18,462,iUSD,1687374478,c1b6645d779259c35eb76b24c1246268cab805bccea9e202efa61910,443716
637,1705614300,2024-01-18,462,iUSD,1693440505,785a9c718e4d80e2b612ccbf605200b61d0562d2f05c4ef3c4b9ed11,28561100
638,1705614300,2024-01-18,462,iUSD,1693501966,1dd8c643a330ff68e47b63be8e261996c69d1708ad07a3788e522310,326193317
639,1705614300,2024-01-18,462,iUSD,1693591229,5f841de490d21c2b60d865852552b8a829e6ef4fabd1fee7ac7977bd,142254779
640,1705614300,2024-01-18,462,iUSD,1693888737,163e7ed3a11d4f07038eaa7266da150356eb2de38fbfc74992a1b2d2,1188000
641,1705614300,2024-01-18,462,iUSD,1690926250,b6cdf3c4560e284a5d05fdc1e919565e5e3b6bd51640855b450ccb41,4808863396
642,1705614300,2024-01-18,462,iUSD,1672328411,e31737eff954647c3cfb076fc5ec72a889d3d7b27a875fdf2fd1b379,9
643,1705614300,2024-01-18,462,iUSD,1694337809,343a6e2b66f769abf99ad58bc6425690fd647ea7221a738a55d94bd6,239829112
644,1705614300,2024-01-18,462,iUSD,1686704583,697ed4b4d37e6505d79692e149459fdae0ccd24d11201f9034b6c006,25183137
645,1705614300,2024-01-18,462,iUSD,1687160987,5f14eece267f4274f229339fbe54f9f6c207f3e565d81f17360f7314,3407301488
646,1705614300,2024-01-18,462,iUSD,1676013596,dc463d66e78fedc35745fc23dd9073df8049027d973305017e40c328,92793429
647,1705614300,2024-01-18,462,iUSD,1672867886,0cb386bce313c0fb289c915ac51a6b364064c49a910efe10b25f1131,23894660
648,1705614300,2024-01-18,462,iUSD,1681038557,694a11f7561643073c68202510f71c96127f1dfae84eeeeee2ae7a97,636678313
649,1705614300,2024-01-18,462,iUSD,1670669605,0cc8211b4e1b8ad56ffa00ba5b8a54b14c58f48d692bb0957c1364d1,93228866
650,1705614300,2024-01-18,462,iUSD,1686403267,ab0a64f658b137b30ef606a422077d26ffa7cb161c883140ea9a1222,224401902
651,1705614300,2024-01-18,462,iUSD,1685579414,c6aef9c4dd86f4d87ee64da60a47365ddefcce6afe4f81ab201dcd59,165746041
652,1705614300,2024-01-18,462,iUSD,1670869148,5187bd9ddecc2fdfae36f4e67526cc8368478db4478c08bff6a708dc,6931653
653,1705614300,2024-01-18,462,iUSD,1674732044,fba609340b44a18a5167d83f7d91d290ee0a6402f9e91518774806fb,60096938
654,1705614300,2024-01-18,462,iUSD,1692669264,c11f654d8903679a66bb77686c7c6f49d09af62f797185f8c7c0e49f,1043201715
655,1705614300,2024-01-18,462,iUSD,1694693503,23a4132fbbc480b22e541ce9d36fb2dcf3e97d334f5f1f9cdda8579f,12120888
656,1705614300,2024-01-18,462,iUSD,1694716988,8fbf2dba947a3e4bcc194190c1bd62b068c0421e7e322c5f63a913f6,78165663
657,1705614300,2024-01-18,462,iUSD,1679335586,d74a6efc13c28b96e80fa23036353ec62897443d0ee58a7cae63cb0b,504070276
658,1705614300,2024-01-18,462,iUSD,1689281182,36f8e2d7f56a884613705fdc41d538014cccd5b812e2628a5ddb0dd7,1393212074
659,1705614300,2024-01-18,462,iUSD,1687230424,2a186360f52023fb2e72d8f9db51d37c9cb73f2a0c9baa970d96b9da,11268941
660,1705614300,2024-01-18,462,iUSD,1682935694,155786e476bb13cc43fa713f6f0ce67fd9978b8937adbea7fb9b897e,8
661,1705614300,2024-01-18,462,iUSD,1687104084,a39922fbb194ad7cbb312e63adc84aec33bd4e385ff14dfda64e9eb5,3671574538
662,1705614300,2024-01-18,462,iUSD,1695112253,337cc0ebe91c677d32b45378aa718afb46e731d20dedca7e71fab356,1484320734
663,1705614300,2024-01-18,462,iUSD,1678397448,a74340a486e8463d7574049adacae6920b126c6776c41ff1fb0ed2ce,101204919
664,1705614300,2024-01-18,462,iUSD,1688506210,991cdf984dad30fa2dcd54085e6d4b8689be3edbad0b8d4186c69e7f,1004373912
665,1705614300,2024-01-18,462,iUSD,1686349969,ba9cdccfb43c0bb8236d5819a7086f1093d0c0a4d6b631ea5eed67bc,5296263005
666,1705614300,2024-01-18,462,iUSD,1690280675,6ab1e8f492b0ade359dcc23754a37711b11e09f3c300db387a7df62a,2214352849
667,1705614300,2024-01-18,462,iUSD,1685641162,df9ea106bd220f6e95c0d6f5a718f8815bafdb5e0421399feff70205,358507050
668,1705614300,2024-01-18,462,iUSD,1692142935,149c6cbb53238fec80d8e323309c8d81a1ee81ff15cf45af7a16516b,1
669,1705614300,2024-01-18,462,iUSD,1694948538,01da9d4fea55755b1bd3017417aeae4b69e15fda2bbdb49d739351ff,20081148
670,1705614300,2024-01-18,462,iUSD,1684278075,8aa76b18d1a22584264b2e660df4cca898199cc0cdbb41af9f12fd0f,3033990127
671,1705614300,2024-01-18,462,iUSD,1693254098,e135f30c9c5c572d9dfa6bdc3d20f58403d163e6fb11aeae583a78f0,76358010
672,1705614300,2024-01-18,462,iUSD,1693514250,548fece8d2f6e55efda4a70452343bc1f92cac3c1cf8ef250535c048,2705583497
673,1705614300,2024-01-18,462,iUSD,1692692350,972bbf37a804f90fae9fee48576beb8611cf3da5cf4834df0cf7160c,62772879
674,1705614300,2024-01-18,462,iUSD,1688130903,0f87c9e4a0a8103f4c6ada1bffe2b608dbcfed9f22ead6d6541ea7f7,35405582
675,1705614300,2024-01-18,462,iUSD,1686153125,d5ffa4e09c6eaa4c882e10d3cc94b6c604e5982bf3715d40d4ec5351,254565470
676,1705614300,2024-01-18,462,iUSD,1695570732,759b2ad795fb741546cb47086bf90dcbfc4e8144e62a824c815c1ffb,3223976165
677,1705614300,2024-01-18,462,iUSD,1680372195,7ff4364ce33d555ba76e0f7fe601a9a8d5a4c33aadf2caa3c1277225,86675631
678,1705614300,2024-01-18,462,iUSD,1671693097,6537c4f74f158a9511a2540c52d32fc302f74acb820acb7e938138dd,176408278
679,1705614300,2024-01-18,462,iUSD,1690220803,0aaca0ecc770cb15636d6835e7d1800a38b28741c2eb0e51cddac52f,1243717924
680,1705614300,2024-01-18,462,iUSD,1684478948,adf9274c6b2a09d1f352088cee4c939f9c8b95f75f761e6927bded63,162500292
681,1705614300,2024-01-18,462,iUSD,1685813210,fc1c84e08e8e47cda82dfe5d2778002da43570516efe2517c7878226,3056210
682,1705614300,2024-01-18,462,iUSD,1688327573,3caee35d0a5e9a6cf25a30b78787b18bef083a4b6342b9717af1bd73,2532322
683,1705614300,2024-01-18,462,iUSD,1694463364,019f3d35ef1c1067784c46f9b165150919cdefda177dd301af373051,160769783
684,1705614300,2024-01-18,462,iUSD,1676028881,32ccbda6329e7a4eeb9c07b53d1b65e9b2c0816c637638070e4b8e22,51224473
685,1705614300,2024-01-18,462,iUSD,1670441683,1afac53a4d1a00fdc5c19991c9ab585d92ed50cb9c71ba9c61a36106,81020033
686,1705614300,2024-01-18,462,iUSD,1686340670,3da346f70a54cbb8b92754bca59a712f0fbdee9ec98a719610fc516d,227282864
687,1705614300,2024-01-18,462,iUSD,1682116425,566ee768618e6939c13d38bd4a6b23e2693713d7b7c32ee6f5ec327e,639460258
688,1705614300,2024-01-18,462,iUSD,1692235195,790f75f1646bc1e3b0011ba02ba4aafdc814e628089b279c26496bfa,192169641
689,1705614300,2024-01-18,462,iUSD,1670086216,ee5592e3bff712a914258c52f57873c0cfc73a7b2c25008fedbcdf9d,1620385907
690,1705614300,2024-01-18,462,iUSD,1676323689,3106f6e4a4134df3c3b01a609be2569822f8d662843ad0c6b129ef57,416437933
691,1705614300,2024-01-18,462,iUSD,1671000794,34b9eb31c69076b836788f32cc4f00a21725cbccace3077105c00801,377228250
692,1705614300,2024-01-18,462,iUSD,1670802321,38a6b071d8b300a0a8219cb49ae293024f466985a89f62d6188d0388,845219
693,1705614300,2024-01-18,462,iUSD,1673629593,bbd31c139830bdb621bc7f6eb3a95a2f1a9e338466cc28e67e0e9176,499357448
694,1705614300,2024-01-18,462,iUSD,1681544542,b0d6004a93f5ebcbca3d9df0d90dd40d56118c2d092bf4073450c7cf,137738344
695,1705614300,2024-01-18,462,iUSD,1670360107,c97315e414c9b15a013f216d0345e1669cfbdd86681ed6891e1eb33f,3981502728
696,1705614300,2024-01-18,462,iUSD,1686783546,1df63cc335e2a445f6966f645c3bf1150e8bea0bf025a17431df1b19,4734652509
697,1705614300,2024-01-18,462,iUSD,1685471511,568b65fadfb32178198768d1bff91956f5dba957701ce300719237b4,6691788387
698,1705614300,2024-01-18,462,iUSD,1685008239,9b5ca3c44c5b45ec37beb7dba0a3376e091d5d78dd13e3f5d6900701,381894414
699,1705614300,2024-01-18,462,iUSD,1684312520,f90286cdbcbcace1a08c240643031a82a7e443d38affc318b3203340,184229771
700,1705614300,2024-01-18,462,iUSD,1688013566,b11f12e256590d6f349702a08a9def66cbc7b490cba621d3a6b51f81,86564144697
701,1705614300,2024-01-18,462,iUSD,1687984176,dc02a9a676d69f4e922c09f33317f719240fbb8b2e53993055b5bfa8,113773020
702,1705614300,2024-01-18,462,iUSD,1685559303,16af0db2d287df23f43f80b06b04415537fd9b6408c1cb5894da1329,7413908347
703,1705614300,2024-01-18,462,iUSD,1673063913,18e4a3d3fcc5dee4b932b901795dd9f7e6ac57c448fca07e2f564029,677142607
704,1705614300,2024-01-18,462,iUSD,1671144130,f3130be9403c8d8e8ceb4803c8ebd09bca4bc858cc1a2f3d5df7df44,2546390151
705,1705614300,2024-01-18,462,iUSD,1688513570,55ef464ca22cf92698284b40810e51777b3bbaece5007d513dd80d3d,453627294
706,1705614300,2024-01-18,462,iUSD,1696213934,e045f130feb7516719cd65015be7c19c14472d8eb4ad366646b710b4,299423178
707,1705614300,2024-01-18,462,iUSD,1696254262,c791b0468b1d96791a8bfa48e1bf1b8896bed00f4b019fd2c74e3d45,861660383
708,1705614300,2024-01-18,462,iUSD,1686642125,bed90820701ec88d79cb4536bc0f0d5d9eadea4038f704ea26aebd7b,644591639
709,1705614300,2024-01-18,462,iUSD,1692698738,3e73960a6b141b9fae4ce09bfd1edcb6c94e4f397cec014d5ba78d5a,244334420
710,1705614300,2024-01-18,462,iUSD,1669480277,e57655e6fd41f82f6fd30e24ff080f774abe81f53acd6c9e7b2ed26f,10634183
711,1705614300,2024-01-18,462,iUSD,1688179183,b853f02fc861b655e981baba6d5966f508073101756edc0a8acf015f,10305334498
712,1705614300,2024-01-18,462,iUSD,1689951655,e73f8221818a9210e967ecb08660f46173cbf8e00e4abc582d751bcd,325160320
713,1705614300,2024-01-18,462,iUSD,1687680878,16715d026650c3515527dd5417e77b80705d6fe5bd257aab4281ee88,600166201
714,1705614300,2024-01-18,462,iUSD,1686314534,be552efef0ae24a7f47968faea2c71fe28a7b64a31469cfde8731017,913795065
715,1705614300,2024-01-18,462,iUSD,1688308340,8d727e5efe8b4f92eec8dc33c48f000e3c6a310b8c7931468eef5695,20052279
716,1705614300,2024-01-18,462,iUSD,1680855416,c83c13c91af421b95b9187ac7dd6aef77250ba8717f172cc1225835d,29149183168
717,1705614300,2024-01-18,462,iUSD,1687523026,78774ad9d2f51203d1174cd8aba30079bfdf9167a1cef196cb3f1591,28171948058
718,1705614300,2024-01-18,462,iUSD,1696344845,1481f185759f8a258cfa7eff8c2dbf98e999cd0f989b6277d3128f7e,689720071
719,1705614300,2024-01-18,462,iUSD,1690186369,3491b29d4e106d7ab7f964cdc2dcb1702ad1167958c7627d08e538b7,27988645
720,1705614300,2024-01-18,462,iUSD,1686305011,07c59e348504d75a47aa875c80c5f7c537f4153637fb942f8f21f7e4,260475395
721,1705614300,2024-01-18,462,iUSD,1675809780,804812f6f6bfe1c64c605f45d33cf18ddd77baca1a269796b4e318fa,1
722,1705614300,2024-01-18,462,iUSD,1688042794,72c9e78affd169b3c516b8c8c4c453135ce82c3d931655e39466e5f4,287411986
723,1705614300,2024-01-18,462,iUSD,1696480297,9b314b76487603dec62a43cfeea584dae73cd42e7f83871495974fdb,410462712
724,1705614300,2024-01-18,462,iUSD,1696494416,7346e0ad8dce5c04702ca60dd0d4526e2df5d483f1761718ee53aad5,408947134
725,1705614300,2024-01-18,462,iUSD,1688966894,4cb2eb343a9f29be1c2550732c532cf3d2a846cce4b12691379bdc70,47898764
726,1705614300,2024-01-18,462,iUSD,1673891972,9fc0aa81aa9df42604e00ff8d2d2f9de39a47b2a3f82a4bde0e9a18f,3740765008
727,1705614300,2024-01-18,462,iUSD,1686438624,78286944b6758ecbd9179c981466d8a007296b1e09fc3cf53add1fd8,140768
728,1705614300,2024-01-18,462,iUSD,1684829202,1c5c66accafe1e7b1d68e2a98c71a638f0b11c1b453cfae08bcc9d44,4856561522
729,1705614300,2024-01-18,462,iUSD,1693827040,da5777317d38da5dd141983fcca79dabf42358f94571a700f362b2e3,128417801
730,1705614300,2024-01-18,462,iUSD,1692021625,e105290df587390be33d256392f378bfd7709dca5c16de6ff1958de1,672196
731,1705614300,2024-01-18,462,iUSD,1685480086,72b2ee7e7da3d21829fc9e4ef5cb12279c153c3698c60c1d756e3802,267464509
732,1705614300,2024-01-18,462,iUSD,1695711521,4d5da618c7b48388366354c11d5e897d2449b087b523fd083fa0970f,4556803158
733,1705614300,2024-01-18,462,iUSD,1678659228,7efb273865feb908d7ddba513de17352e1554b62e62f9f417113749b,8793775
734,1705614300,2024-01-18,462,iUSD,1672868611,f5cbf0a3e518fc57aec9d6ff992e084610aedbbc53695c4d200c0c3e,692378476
735,1705614300,2024-01-18,462,iUSD,1696493039,742e13aeb9130597e75cb1e4201368884b223a027760b1614ddcd514,827222757
736,1705614300,2024-01-18,462,iUSD,1687371621,d13077d5b036f1895fba9b1ecd9c5fae30d8cd30022c6481c175eed0,6904413
737,1705614300,2024-01-18,462,iUSD,1670946741,26924e62701e99facb3ceffef5a050c51412503eb7054af52f573e96,438739876
738,1705614300,2024-01-18,462,iUSD,1691174129,f9ebcc2a02bd2984112729a5cc52f5fc0bfc126efaa2b38d4bef4637,49286050
739,1705614300,2024-01-18,462,iUSD,1671144207,a33c563393379855e9b6f66e6830ceac659fac8982b06d4128b21722,23710852
740,1705614300,2024-01-18,462,iUSD,1687312361,b9127ad6a07fb42d0a5323ce8a79edbf1fbec2c87d010884d650799f,38844105
741,1705614300,2024-01-18,462,iUSD,1697111384,9f4d9f68323c7f7e8c85a903f22507bc04ffe1ec69deb07ba671f010,107027856
742,1705614300,2024-01-18,462,iUSD,1676223295,fdcb2ad56f90c49a73ace602f2f459055f75c9b42f6b186731da60e0,294066493
743,1705614300,2024-01-18,462,iUSD,1669262310,623f00f49ed872b8fde76a4d5520f4ff63e50dec00b938701fe2aedd,176967916
744,1705614300,2024-01-18,462,iUSD,1672895284,2d2698946bc0f751dfc642bda9716d9c95065c4bb6aa23fa36379917,162574367
745,1705614300,2024-01-18,462,iUSD,1687187993,58c052676fe5b1cd52fda1ba62bbdabef2b3f261258e1fcfaa4df833,239142643
746,1705614300,2024-01-18,462,iUSD,1681886003,eb7a0af8677832e487f154e7cb7483878208fc5f4bf6cc1ebd63656d,54486397
747,1705614300,2024-01-18,462,iUSD,1669973928,ef375afc54458f274bd07dec902e981a581fb46d4ab6d996e40b5bb0,1479175508
748,1705614300,2024-01-18,462,iUSD,1695864004,cb078d63d583cfe46b0b9a49c3987707adacd6e8b850fc1b5c299330,1993510
749,1705614300,2024-01-18,462,iUSD,1688180211,17d3378cdb60f18ebad70aab20bf4be3fe7415602c2e07313297aa35,464682254
750,1705614300,2024-01-18,462,iUSD,1689379540,56f9881cc7b8f0499c7484239db1487686d0a50a99966e0cc207b4b9,5307012
751,1705614300,2024-01-18,462,iUSD,1697374505,d7461f90e255811283fb7cda08552f4a530f14bf3cb69b3d7d8ce12a,154930339
752,1705614300,2024-01-18,462,iUSD,1697422107,99640e7748c7643316d7b8a2224813e55b3c521f027a2162ed0404d6,49143713
753,1705614300,2024-01-18,462,iUSD,1694670633,0de7c3f3373ee0b1fa6291fddb92a9f4c95e4d641aa2a3d95ed3427f,966745514
754,1705614300,2024-01-18,462,iUSD,1690152831,90ea3bd89364dbe9084b55fcc578c4f44a9bba7c4a7176cff33b8bb0,33829881
755,1705614300,2024-01-18,462,iUSD,1687060195,202a05658b2d4f335ac72de9060a6c71c91ccff518723d7fd614899c,1929275781
756,1705614300,2024-01-18,462,iUSD,1675193741,b4502587636550a7424c0caf9198bb9a64edd628d422268535f103c4,313236392
757,1705614300,2024-01-18,462,iUSD,1685852164,ce736383a9b512a93405b76edf6c6dacdcbe28d75891ac1de0aa339e,6097862898
758,1705614300,2024-01-18,462,iUSD,1697594415,be0a8b8aef656823c118bbeb4cef87940875ac12097d9a968b433cbe,68776099
759,1705614300,2024-01-18,462,iUSD,1674283358,8d42ea2a53e949ffcdcebccbb0656fd0c66f68dd3e12af30d5232c29,82420277
760,1705614300,2024-01-18,462,iUSD,1688187724,d9c8b98111cec63a1f7e9f91c94c8fb21ead1f9057aee130e360af4c,1812359758
761,1705614300,2024-01-18,462,iUSD,1692933106,fa773cf3b7cb0a80d8ff29e065ad3fc2a4bb075874f3fbac743fd368,74829216
762,1705614300,2024-01-18,462,iUSD,1697783553,dd1729decf185b661d3621c2517026ca9df1de3c0b538bb874af817f,75477078
763,1705614300,2024-01-18,462,iUSD,1685659880,3a5c536f4deb9d98ff6e72f3ee92266964b9312d00e6230e33c218b4,89026308
764,1705614300,2024-01-18,462,iUSD,1670138081,ecf5b1ffca39a9821dc42163dea13dc58d4d9b28767edf02124a271a,67176179
765,1705614300,2024-01-18,462,iUSD,1693255945,0a6b28124de76240db2832c69d10c2c64d528b08b31d137113083e2d,339458503
766,1705614300,2024-01-18,462,iUSD,1697930280,08a233ef1de60dd045ebddfe6d3ebde292084f858958df53ac434405,747566303
767,1705614300,2024-01-18,462,iUSD,1686116058,b7f7ae08769181fd6287c83f74fe18cce31b5bad2e39eeb4ae982f68,439699
768,1705614300,2024-01-18,462,iUSD,1697979440,8f8d051d97314d600724ca38b6125405f00603c5277d1b98fbcce864,453523557
769,1705614300,2024-01-18,462,iUSD,1683553026,03aa5081199a16295e8451a866b93a521747db809eacdef947175ac6,33028127
770,1705614300,2024-01-18,462,iUSD,1685995736,ec9bd9c5e9a69a42d50d7c1a91d1f0331c0db89cdaff294efbb6f5d5,108032976
771,1705614300,2024-01-18,462,iUSD,1686162726,1227be2193b0f03f9ced11395f01fec9baab09491e545787377e5787,4237398104
772,1705614300,2024-01-18,462,iUSD,1685678732,a2b2868b4ed8cb7d64c181d43729fc2d1ee6349d19244491006b16d1,10161830
773,1705614300,2024-01-18,462,iUSD,1698086016,0d2b34064be0aaf3abd2d4b24229c7a4611c8b1255c6dae72abfa363,218994131
774,1705614300,2024-01-18,462,iUSD,1685045211,5ba4f7eb27d46622d4728a365e4e78b349d96c40cb8e6b17b32814ad,63087329
775,1705614300,2024-01-18,462,iUSD,1682568044,3e608b808ac2b73e56d957e5fd8cf54a8e3aba6cd767ea493d43c857,1375706508
776,1705614300,2024-01-18,462,iUSD,1688482289,1f7ef810b5dc6ec53922eb17e910a74c3b343b9117c51d4cac82cd88,76816378
777,1705614300,2024-01-18,462,iUSD,1670429399,66245022306cc7bc7c408845ef8eff4b6f3e43b47de7941c95889e62,4785815244
778,1705614300,2024-01-18,462,iUSD,1669972326,31eec5d71937555a28119e20dadcbe20b67b367b2f31f21957466444,5057101543
779,1705614300,2024-01-18,462,iUSD,1692974298,b10c7dd14700813748087d6fbfd03a8c3b83f6cb191743f5e35f7d84,40612335819
780,1705614300,2024-01-18,462,iUSD,1682016875,4c80764f5b682045f12a83303d017d4dbe90f09f76b2108a5c44ae54,6945770
781,1705614300,2024-01-18,462,iUSD,1680874768,3264b50776f1384d46195e028a333fa715897338efed324854bfbd3f,413474965
782,1705614300,2024-01-18,462,iUSD,1669578278,7cd8f3d5d95127141e5843ab2818de72f85efb9e7b8a1cf847e794c4,552690141
783,1705614300,2024-01-18,462,iUSD,1686001217,b47ead9c1c659d7d927c23212bd62d475f71d986236aafe16bde23ee,93221465
784,1705614300,2024-01-18,462,iUSD,1690912479,e388024f70a31b9841cda41c8ae43867bce9bae07d348f222edc6081,3210177219
785,1705614300,2024-01-18,462,iUSD,1689843501,f04e3a2f427f303624958a861d18f657e307e65da73922e8d823d573,324968935
786,1705614300,2024-01-18,462,iUSD,1687516165,6c3942ed244be5b4dbb74591d7ea4e7c1aec07ed88ef81b678cac0d9,372976382
787,1705614300,2024-01-18,462,iUSD,1698498936,068b88b583d096b7510025c66ad3f058264e3d5ee0c5c45b1f057c35,801718121
788,1705614300,2024-01-18,462,iUSD,1682453512,af350112892e7a6b63800ac394548afe1112c24355369c587acc65f3,62137217
789,1705614300,2024-01-18,462,iUSD,1670199935,33077859854a4c4a6ee59151162d9ad87f180123bf154fd9e8518156,23771677
790,1705614300,2024-01-18,462,iUSD,1687231579,ac50c97a84362198cd8fde5a960e06f04f3599bc381042bdef7504c4,5145740
791,1705614300,2024-01-18,462,iUSD,1687507175,a599571d436d6d4796f955247b1e358fa4275e063273d81dc5845a47,750754
792,1705614300,2024-01-18,462,iUSD,1698502598,608f930532a4a0d7f8798afb5c94173215d6ce24c855dbce74e7c5df,1861334219
793,1705614300,2024-01-18,462,iUSD,1692050618,509cba9202668605404e5c6a39d0af1f1522fe41d2e679ce8e394469,661629930
794,1705614300,2024-01-18,462,iUSD,1698665658,528da4b6583c62d21bcd195ae559e3e2a24d9a82bee8fe87049ee12b,1993529
795,1705614300,2024-01-18,462,iUSD,1692958521,2b4aa51896041c905eac490447f886afe8eb67f3b05b1000ce976cb8,46441992
796,1705614300,2024-01-18,462,iUSD,1681147629,94383c0e1505b2041179e4c62e9de5178cd95e9c4884a5a369e4bfdd,16990342198
797,1705614300,2024-01-18,462,iUSD,1688146707,fd0172cfb6d4f7289491b5316afb91c0f416ce5ca33fc39727bd691c,6330031
798,1705614300,2024-01-18,462,iUSD,1689732287,d23af189dfd9dca942127a0859d3f9067f14a39da809165eea25ceea,6866474798
799,1705614300,2024-01-18,462,iUSD,1698767697,815168a6c0d3a19e2ad65b6fa02e16a542991ec447b6bc7cad765df3,368803017
800,1705614300,2024-01-18,462,iUSD,1692659625,7443fff25d519ebfa4e8783e4180f6b2d7ca64d76b3a3c783694d487,151173964
801,1705614300,2024-01-18,462,iUSD,1686489035,cda0141ed9eedd491c294cf9e57b08aed8604c91efc11353b4f630ce,176791213
802,1705614300,2024-01-18,462,iUSD,1669767560,b86d5dffbc00894203fdf272c003fee91969d85b806859edc242b34a,82920368
803,1705614300,2024-01-18,462,iUSD,1697383244,cb84e933e4bf451b4ecdaa004a45b43622893fe0fa0ee3249faacabd,1
804,1705614300,2024-01-18,462,iUSD,1682874631,e67cc70986bb4859cda7576c229bb9ae82e41ff0f203f5bb52741364,833992
805,1705614300,2024-01-18,462,iUSD,1692912568,94b544b36d242aecf2649579a989e97018d5f0003e983e50a0dc2994,500220
806,1705614300,2024-01-18,462,iUSD,1698662155,c34d616379d40700a79231d2b2464a52075e69ee69e28c2126f568cc,498538859
807,1705614300,2024-01-18,462,iUSD,1699043321,19d658a66ade2490eb226787b092e18c7c318e75412baeaed35e8746,19935298
808,1705614300,2024-01-18,462,iUSD,1691705376,1c348c0ee2a2c36691e877a0058da0def13243399ab568db8db5825c,124105095
809,1705614300,2024-01-18,462,iUSD,1699070569,dff8318caad3ee7fd9dac41d3f99acbc861fdff4cc0cd8f915416054,49881378
810,1705614300,2024-01-18,462,iUSD,1687790611,02847e2d52b2bb68326a4d8c20cf22758d8d66a8098b464fb05e388e,921647680
811,1705614300,2024-01-18,462,iUSD,1670786809,b178ffc093995ed4f92326da8cbbae25832bd1c723b4897435ae3ee3,101967850
812,1705614300,2024-01-18,462,iUSD,1675848707,9cdf11e9f7832510865cf609be23fce37c331324a087d334801d435d,326267711
813,1705614300,2024-01-18,462,iUSD,1681365650,1434b0f9b0d42bdfe065dfbde6089def626c28128e2b25234b8409db,232826346
814,1705614300,2024-01-18,462,iUSD,1699172478,c58412ace7e7385416ae2071a6734d8937b9feb1ade4717b9ec0366b,7475736829
815,1705614300,2024-01-18,462,iUSD,1699205931,1ff5eb36a89f7eb410b021a685c1d9efe0dc49e680769910ba441f7a,498382455
816,1705614300,2024-01-18,462,iUSD,1699235634,24c0af03702aca77635142b03003971246b68cd205c38c495b4b39de,340711911
817,1705614300,2024-01-18,462,iUSD,1669089167,b0418646136117e82f751e82489d865a6ec05301689d2ced4beecc3a,115337029
818,1705614300,2024-01-18,462,iUSD,1693936458,cbab5a1070c1bb9df2ed2e466cdfd3fb4b1b7bd24af14e65b46ea556,142254779
819,1705614300,2024-01-18,462,iUSD,1669566826,7bfcb0b4a3974232c21fe4440a2befb5aff58093e9582c9d447c1e0d,503479312
820,1705614300,2024-01-18,462,iUSD,1686889396,7bfcb0b4a3974232c21fe4440a2befb5aff58093e9582c9d447c1e0d,1346429754
821,1705614300,2024-01-18,462,iUSD,1686643672,a3857f6dc9fa15ac685d02ad13824292ec40648c7af5b4fbe064c0d8,756910945
822,1705614300,2024-01-18,462,iUSD,1673767890,a40e609ccc120bb815930cd6ce47826e6c41aa94ec92c9f5e93ec9dd,1
823,1705614300,2024-01-18,462,iUSD,1670579134,1be221caa2e043e3f2ac88126788bbab75a92f69f96c4ebd85e5d3da,11671582878
824,1705614300,2024-01-18,462,iUSD,1687821347,2387805ec55905b81396a1744734c4695abaaf620a73e88092018f58,250381071
825,1705614300,2024-01-18,462,iUSD,1680356778,9085a048fd190f237c52943ac271b9b78042747efb1cd553d6e54f4f,574736644
826,1705614300,2024-01-18,462,iUSD,1699499436,7f4e2df57466c9e760df17e4bca6efade344d34aaa01e999bd585091,598058
827,1705614300,2024-01-18,462,iUSD,1699695250,a628ecc683d79eb6cdf0ef8d24fa8994ef5e9720bc52cb731107b7e6,376000186
828,1705614300,2024-01-18,462,iUSD,1699698247,b1dbe8a6a01b900f86a22e0a3d4ed07fc12cae527acec206b87bd0c5,68502546
829,1705614300,2024-01-18,462,iUSD,1699701144,5a47fb7fd91588a45f746050fbe0bbed21eb9e6f76661f7d9e34ec88,68503713
830,1705614300,2024-01-18,462,iUSD,1676706329,d171c764b68e3006a17366dbbd2b5b1d1641e584991c8524ac72458f,2729033313
831,1705614300,2024-01-18,462,iUSD,1699779137,3974438b8c38758b0d8828e53af690b9d4db802fa363cc042c002697,59994800
832,1705614300,2024-01-18,462,iUSD,1692671238,3afa612c1bef384caa2dfa6c02a2b90515ea5daaaaafbf63421a4288,15435559271
833,1705614300,2024-01-18,462,iUSD,1669196704,6bdf4e6548d770125f81c51ebc92b583787973ead359912e3ccd8e66,910245719
834,1705614300,2024-01-18,462,iUSD,1685572786,64a10c64f24430b1dd073fdd02d0ba3f90aedfbb56a11ebc88f31d9a,18864918
835,1705614300,2024-01-18,462,iUSD,1699906435,f541ea1d2e5739e4220ee93a159de53079fb434e4beadf9eaf7acc13,102412005
836,1705614300,2024-01-18,462,iUSD,1699908630,759d6df20a7f19005a274354accf23be17d066149740f11b76115565,363687811
837,1705614300,2024-01-18,462,iUSD,1674005098,698ceb483c24a183e0a9efbb33b25789c41494082421f4df6c75803e,4935915455
838,1705614300,2024-01-18,462,iUSD,1681296007,9bd32d0c896ecfd22af41a2328d4e1d7bc2e8be07e61ce7eb5caa536,16649413909
839,1705614300,2024-01-18,462,iUSD,1699956000,95aab629810acf425e4448592d1a5a0265255116e5451f90d7034b58,91001190
840,1705614300,2024-01-18,462,iUSD,1699959296,21c70ce3051628e1d2edac15345e063e2e673936bd8fb609ed4eabcb,52657640
841,1705614300,2024-01-18,462,iUSD,1699960542,e5359da33766c5a8ba5d7a9f833a7d5e2f57d27d5ef46c50d26a1094,6290629
842,1705614300,2024-01-18,462,iUSD,1700012849,c5b369fa0456604bbfb986dcfb68fc592a4ca23bd28fec18d484be19,1034381527
843,1705614300,2024-01-18,462,iUSD,1691529404,5d0278f262cee5584be34cb2ae2396dd2ce4f77be03268e418460e39,7
844,1705614300,2024-01-18,462,iUSD,1700055404,8425e1110917c188382ff1e28f3e11c6310ca3c1ee09b4b4bcc41bc1,199370657
845,1705614300,2024-01-18,462,iUSD,1675664894,7968a748b588347106eebc57fb2cf6afc0bfebd72784ab489dbd0ad5,365319
846,1705614300,2024-01-18,462,iUSD,1669062123,c835248f41cb65303bec60d767f0299ea458a19c8c04beb125513487,1907051836
847,1705614300,2024-01-18,462,iUSD,1700096153,c55b4e912c5d71dfaa4f0b7487eecf8ed26a9ae779a9ad422639fd45,31400596
848,1705614300,2024-01-18,462,iUSD,1684586069,e6fdaba56d087a16a9d4cd4a298d537bb25843159bbe8c9dfcfa3530,663272789
849,1705614300,2024-01-18,462,iUSD,1686738036,fd84357990c85741e74703ffc003798059eecfc6cd9ee37c98e93fd8,349883880
850,1705614300,2024-01-18,462,iUSD,1697903713,5e9e787d528af67785b3b595843acc232258ada6191b40ffa80cd0d2,7713
851,1705614300,2024-01-18,462,iUSD,1669701176,315da5b171400a2b8d131c70ea53f27b1977bb1fcec1537d70649dac,244083281
852,1705614300,2024-01-18,462,iUSD,1700159310,dcbc64ce3cc4aeac225a45dd67dfc3717f732f6303556efb6dd8024f,996765
853,1705614300,2024-01-18,462,iUSD,1673256087,6b1b3b6c653239a344063df53c885e3bb0aa463431a7a52b1d218c46,692519500
854,1705614300,2024-01-18,462,iUSD,1682589325,5d9de15a9e526c04fba22b12118560b4c7aee4f3bee35e23431b05f0,438588629
855,1705614300,2024-01-18,462,iUSD,1687143167,b844eda8d8b99c58609f090d3156ef91488778e92501e1154e797492,315442755
856,1705614300,2024-01-18,462,iUSD,1700325788,ca3f6b110978fa877451498e360524ac0d9c07f5b954b893653a0ad5,100185408
857,1705614300,2024-01-18,462,iUSD,1688239332,bfecbbfaf133076c576cf705b8472cd12b28dbfa5d1bc7a48e9838a0,77274746
858,1705614300,2024-01-18,462,iUSD,1690788726,55cf69df3e09e88978a5396efa57fb076d25f9089229a52baac18e5d,79736245
859,1705614300,2024-01-18,462,iUSD,1692396828,112a2e39403b4c465eba58266531b82db8c7950ebae17b0aed8a6d88,3868944511
860,1705614300,2024-01-18,462,iUSD,1683429799,0937ceb93300c18f55c5fa769aca62b3351eff447ce774ce48917074,463508137
861,1705614300,2024-01-18,462,iUSD,1687374897,b3c0baac03f058345281c6f2e9b3cfb6a1d112ffd8e2dc5398b8ff27,5232566778
862,1705614300,2024-01-18,462,iUSD,1699994971,2d7bdad2855f7e784073b2c9d5ca723b11fcf91253acece71eb39499,9967700
863,1705614300,2024-01-18,462,iUSD,1689645757,9d9c672d1261ac30b4605678f451ccda8f90a1cce1633b4fee0f92bd,280188456
864,1705614300,2024-01-18,462,iUSD,1700502722,6d91ded3bc55d5fe46f7be9a95a0dfa56704ad466462c01d843530f9,2002081303
865,1705614300,2024-01-18,462,iUSD,1677305828,930a5a40fb419b4ca1a3d0a2f8cba25c0baeb5949e794034a7fbd1b4,58413749
866,1705614300,2024-01-18,462,iUSD,1700556991,1ed828ffcd8fd98bbc36a52f24d0568979d4bef387e930d8adc77c2c,1862141809
867,1705614300,2024-01-18,462,iUSD,1684818639,138e6f1324b88fc7e3c520e1ce26fb28d0fd99871c45b0e83c80f900,997166316
868,1705614300,2024-01-18,462,iUSD,1698500783,08148bcb90d4e936fc0cd394851ac963d970e53c650c2f3b678763b7,1486543419
869,1705614300,2024-01-18,462,iUSD,1687015715,e40d6449d63880f6344b1e200dd7e1fba9de3658785727f47247e106,4183066390
870,1705614300,2024-01-18,462,iUSD,1700606728,e0dcd21c7504d273af38cbf15da057d7b5bc5b063e0613e3f1832a80,1854844
871,1705614300,2024-01-18,462,iUSD,1693030721,948214e72eb2e68d27c7a9e8eeffe30d0d2631882d13c1b17552a7ca,99578345
872,1705614300,2024-01-18,462,iUSD,1688488258,cb7e89fcaadfed571c5ed0b22579cce20b89e0407cfc051d8d97fc89,25618031028
873,1705614300,2024-01-18,462,iUSD,1688870634,7297266c1e8790a732b07a5a0e0eed06c6c570c69ac34b8e80ac8adb,601084265
874,1705614300,2024-01-18,462,iUSD,1696398174,d28984c713366768ef92d78cdf6375539bc637d329226151e915c315,1701837
875,1705614300,2024-01-18,462,iUSD,1669821923,b2d0834973ca3f26aee1f012c1b4f03cc0dcd96a5e299c62beb86237,501063
876,1705614300,2024-01-18,462,iUSD,1685829694,17d29d0c794995d71da6ea5934500e087a6a17455de61b289c09386b,182551823
877,1705614300,2024-01-18,462,iUSD,1688502677,88a1b78ff061c18bf631fed05ffd64139ec46bcfabdb8fd79c99f646,22357521383
878,1705614300,2024-01-18,462,iUSD,1680605610,7de337d83081a32aebfcd1e0d193a2bc16a27bd6b79d4cae868e10ef,1236473497
879,1705614300,2024-01-18,462,iUSD,1670347279,d6a625657c0efe8f8a026c58b4889627baaa18a5526fea421477989f,433684304
880,1705614300,2024-01-18,462,iUSD,1669246493,405966152e910c43c45f1d21d8420d7ce66c604b9750824741970780,26077470
881,1705614300,2024-01-18,462,iUSD,1692115141,e464f30caf386f8e7e5c26271a2ec64ac5fe6225d60ba008143b26f8,4
882,1705614300,2024-01-18,462,iUSD,1686944472,8f231e37853682192e02aa25cd60ee701aab8248646a396ebaa67234,996771
883,1705614300,2024-01-18,462,iUSD,1686342122,c1cd747fe18cf8260a8115694c82c458f6facfafd5a382447a2a3e03,237182976
884,1705614300,2024-01-18,462,iUSD,1686475249,543dbea1a4955e257d3568d640b1ceeeefcad09e2cf93f16c15e49d4,36272801
885,1705614300,2024-01-18,462,iUSD,1700955629,a8f687622b21905e1f434a536cbf466e56a218d7ccc8c3cf4f71d72a,99677098
886,1705614300,2024-01-18,462,iUSD,1701003896,0a86135c115a70ae45ee452937d5b526a5644a9a5f0e66d6ab46948e,518320912
887,1705614300,2024-01-18,462,iUSD,1673294960,b6756686f4eb2913773cd154afd06f721a1eeeb6dd84d37b099acb14,351114929
888,1705614300,2024-01-18,462,iUSD,1701095587,5dab3fd5d3fcd16456322797fb97bfffb7fe5422621e5fbcb24a8e4b,122935166
889,1705614300,2024-01-18,462,iUSD,1701112225,215c01a79f51a3a70a70f8fcc3853ad73a3010f4662f5590df60e495,5101600
890,1705614300,2024-01-18,462,iUSD,1687199554,f107be1c8f14b6f7ecd0a826c5a0addb31538b4d91813ca450a664f1,1923456288
891,1705614300,2024-01-18,462,iUSD,1685322582,1d78675c4c641307a6ee67c1632f84df8df0a86997fd07f1c2722d5b,74602584548
892,1705614300,2024-01-18,462,iUSD,1701150514,a7b9ee64702f425ec79d48bec8dc50489e4996c684b3624233bf6e3b,199354197
893,1705614300,2024-01-18,462,iUSD,1692810163,1de7b5c57a2c321f4d30e829c98ca17967671555659cd4679963a702,761845604
894,1705614300,2024-01-18,462,iUSD,1701192010,1b85c247331607f288e67f359127882e951ddb382589e0edc7d32f37,291203151
895,1705614300,2024-01-18,462,iUSD,1679822796,f77212fba1bdb4ff7f24eca2412cabbc6b1b0a3b8f75645fe8f51b9a,1437950737
896,1705614300,2024-01-18,462,iUSD,1687698979,cadfdb0549c45784f9a15dc15dc655dd67e6e256a544835945d36116,365266414
897,1705614300,2024-01-18,462,iUSD,1671016904,244ef5c19b4209da7df61d1f9a41ca599cf12610aed0f9457dbc7353,4744348
898,1705614300,2024-01-18,462,iUSD,1688307067,2922bb18ea7225c2905acb96276ea33273c5e07a0860fb276087115f,52775953
899,1705614300,2024-01-18,462,iUSD,1673749215,08abc365d15eb5a450ff8ed2a6207bfa3cb5a0df4ec1ddd0e6636026,10
900,1705614300,2024-01-18,462,iUSD,1698047801,e05979c7922a556392d6db0c2749d7fcd34934e8daf0dfdeed3070a9,1038963805
901,1705614300,2024-01-18,462,iUSD,1673517657,d5783eeb99454513796d07833a55b33d041157aa2557f641d50b7f13,928207
902,1705614300,2024-01-18,462,iUSD,1675828939,5f431f57ad76f9c3feaf03809fb3ba95da61f53fda601021a73f8040,6546310282
903,1705614300,2024-01-18,462,iUSD,1699218273,2efee5faaf04faf91b579aa4a87764a5d528a7b5637e55ff61aeba59,459508069
904,1705614300,2024-01-18,462,iUSD,1693750557,f480fbde43ef244fdc26d00d58708b3ebf0d6db3aeedc8d404c3bcd9,94836519
905,1705614300,2024-01-18,462,iUSD,1685565407,e435792ece3754f9a940629ec319e62c108f06fedc90da30504b776f,1399877704
906,1705614300,2024-01-18,462,iUSD,1686497113,b5da9e118db3222b3e37d8a6efff50f8ea09c66841a73d89a4e800d8,89666593085
907,1705614300,2024-01-18,462,iUSD,1701556759,efd2562cf81215badd5f6232a30689f8b150bbed13bbca6fea876ddf,444422694
908,1705614300,2024-01-18,462,iUSD,1693341527,793e0684fd2dfa7d12295503072537909790139c8f47c8d84a54a58a,340926
909,1705614300,2024-01-18,462,iUSD,1685831957,5174ab849efa5337d220c79f849aa39ee378cd42b3ea9a2cc55ff905,89084259
910,1705614300,2024-01-18,462,iUSD,1680122766,480162a64c53e1f9f76d471d5166e722be81296144d422344254a54e,1
911,1705614300,2024-01-18,462,iUSD,1701280265,b18c6ec043fe8be54994fea40737423de41f59bf46b00920c2f9001d,1546081543
912,1705614300,2024-01-18,462,iUSD,1686960005,a98843c2533d5681e29cc5257c9cfa172b4eac792a04c4601962c0f8,302556057
913,1705614300,2024-01-18,462,iUSD,1676452586,55f6685cbc8c1c99948804a10f2eada7ed6121822a45452582ead10a,58235104
914,1705614300,2024-01-18,462,iUSD,1685965948,85c66ed26b27050fbc7bebe3c85f283ea848da45f15dd05469477684,181549526
915,1705614300,2024-01-18,462,iUSD,1681128554,5704ede877045beaaf499cf2a9a7f73b1aec49880230fdbd61512f0e,122550
916,1705614300,2024-01-18,462,iUSD,1697842550,3608fcbb2f65f573bc813e85de3c88d0d9383d7ebaa576606662b3c6,29141227
917,1705614300,2024-01-18,462,iUSD,1701722903,8b2619971f48340f5973668b3478e940f15d90bd55c8c8a8ba9cf90b,70644594
918,1705614300,2024-01-18,462,iUSD,1676541690,8d995bf956bbf2a69b6549ca3a6830e9292b0d2641e9fa520d0f294d,498844732
919,1705614300,2024-01-18,462,iUSD,1701809042,ec85725a62617d1a7e845301deb578958b5b2318c9cefdbb93961e78,340358635
920,1705614300,2024-01-18,462,iUSD,1671359718,31ac5363f5d3b6bc5ee0a10aac24f82fb0417a1e53f318833cb34c9b,101323070
921,1705614300,2024-01-18,462,iUSD,1689357613,05f18a042f7922dc33589f39660bde4f8db1993b472e142d726ec32e,269239025
922,1705614300,2024-01-18,462,iUSD,1679153200,e0a1a45ac9fc8b2f545ef76355404c31a0650b032d7ebbfe3eb8a5b1,997666461
923,1705614300,2024-01-18,462,iUSD,1669359253,451fe314c4e9a41bb5804455fb4057afc1cbf2b74cde2d3d737b3354,940529
924,1705614300,2024-01-18,462,iUSD,1676733685,bd1facdfaebaaa1e6ad72fe8875efa4365dec911f322dd62e5cc1108,2117905634
925,1705614300,2024-01-18,462,iUSD,1669140000,e1a8082c47e07a5033dac58e317d904b814c3a3d26d9abe1647274b7,1245899246
926,1705614300,2024-01-18,462,iUSD,1681399010,92f06e24bbb228d53258680895e44237dfe20aaea32e957011ee14f7,1002486316
927,1705614300,2024-01-18,462,iUSD,1701950329,a8aea0703190368a82f7a97095dbe35c85bfc8b1d531f7e45ca2a953,2222421109
928,1705614300,2024-01-18,462,iUSD,1686752451,6a24d71337297e197a1427892b2c50f5474749fe1b7e73ade6465ab2,1002635104
929,1705614300,2024-01-18,462,iUSD,1701963595,b4f5cea7f0ce5cfec51c3e767b41765f736aa5933d4d95efd037cca2,1638918500
930,1705614300,2024-01-18,462,iUSD,1683561806,512f425cedae5c11513155242686e5039b766c7ae798515b68a364e7,20733898644
931,1705614300,2024-01-18,462,iUSD,1691491985,5a22248acd76b04db2a4f0804b465d7e0e6f9c13d3be980b3f7ef9e7,50279675
932,1705614300,2024-01-18,462,iUSD,1701832400,8baaa423063bb10f2f4e522df89045b44ea716a34ced1af43ea1553e,553914824
933,1705614300,2024-01-18,462,iUSD,1692100339,fd8b12e5733ab14abac15c45c5640e9b8a8dd42c7da181e367d5a210,897962471
934,1705614300,2024-01-18,462,iUSD,1686433739,e1adb2d62927f4ad62b82d8593808a9a3bbd446521e91d72286b9a41,11506884398
935,1705614300,2024-01-18,462,iUSD,1689315392,f94f3a43cb63e533445462c97e7234f2ea625b1927446f5b9ae7687e,32395635
936,1705614300,2024-01-18,462,iUSD,1685964064,c873c75697322b5db843e9c249e669cc125c0e629ad3700729e101e6,804796088
937,1705614300,2024-01-18,462,iUSD,1684788839,139bb54cd4877496dd1e6ca754a513b7ef490beb8b9eac610304b27a,6840948
938,1705614300,2024-01-18,462,iUSD,1683933832,c05d3ab97abdcac7e81855b92b59afe40f18b059e9d8cceedc5ef511,381229157
939,1705614300,2024-01-18,462,iUSD,1699138982,4a401f6b38efdff06047655179762c26b19cc4abd5131f2758055ab6,578732231
940,1705614300,2024-01-18,462,iUSD,1687665850,b85dff549239e4a2cb2ee05686b291f7e251c661364e610fd913475e,1002592893
941,1705614300,2024-01-18,462,iUSD,1692191852,87f24e4fc4a1328618c93c8f4453858062ef19fad9a0da6a58897c3c,919367926
942,1705614300,2024-01-18,462,iUSD,1688847870,acbe358480fadcc61b45f05bb1a0ce24fac05c7ceb808b6426f19a32,1097715590
943,1705614300,2024-01-18,462,iUSD,1690400696,426dc9a8ffd26f37ef26cc1e2619df3223ecc9718d8d57801efc5ddc,362454546
944,1705614300,2024-01-18,462,iUSD,1692218316,2795b7b51bdf9be9e61f92f50bf27bf425f80dcb1044d6bc240c1ed0,831720247
945,1705614300,2024-01-18,462,iUSD,1702079962,99b51ac9f0fc8bfb6baf64cb0beae812672f2b1f65406ec1ff7222ee,3506282541
946,1705614300,2024-01-18,462,iUSD,1692103913,c1199d9f8fec89635975b43432249e58999e9e1d85e8cff60ad5b329,1737961787
947,1705614300,2024-01-18,462,iUSD,1690652365,1dfa4ee606a41e8ce99a52d958e3f76f9f1a455a61853efd0e6cc58d,243511318
948,1705614300,2024-01-18,462,iUSD,1687762885,f7315c71937b8ee2b38ba0cabbb3d24b34186c415cb1a75e1f383666,79699298
949,1705614300,2024-01-18,462,iUSD,1685686448,3350a1cb0110a5855f289a0738fdbe0c00c07cf748fd5f5cdf1aa63b,351302188
950,1705614300,2024-01-18,462,iUSD,1672957154,31161a3f479812bb1b676672d89d870a9eb53209c5ac33bec960388e,33061022470
951,1705614300,2024-01-18,462,iUSD,1687669033,8792ebecb003fca8841e4209dea309bb7e13dbec3ea086585bfe7a8f,5487018775
952,1705614300,2024-01-18,462,iUSD,1700409261,a7c4ad49f24faecad3a91f5e5a4109cfa822faade50e6840a3db3d67,1964536779
953,1705614300,2024-01-18,462,iUSD,1687369889,a66f3589c69139fbd204ad42b34a70b65dba7834ce7641ae649c5171,2992657575
954,1705614300,2024-01-18,462,iUSD,1702146352,f89ec735405c040d8bb2939c423b4181555c9bfbca7afa0a27d50321,99807950
955,1705614300,2024-01-18,462,iUSD,1686406255,8c861a9b2a144a55f0c8ca8314bc57c3a580324b51fdc6ff2dd4a9d6,13515117573
956,1705614300,2024-01-18,462,iUSD,1699556247,7be5f93bb7df30db82fe631b651368554c58a387addbdb9347def738,4656786503
957,1705614300,2024-01-18,462,iUSD,1673394354,98c9ede2d55f7f080a56fae1fdaf13fba514696d0ca759c8994b7967,2011953079
958,1705614300,2024-01-18,462,iUSD,1685255183,13b074156634e2289f02e34616d97b9aad91069a43173660645f4f04,398978852
959,1705614300,2024-01-18,462,iUSD,1689366297,05b8794c06e90623641bbc36252326edc2040d3f75ee94b9effbbda7,106478625
960,1705614300,2024-01-18,462,iUSD,1686448889,e3fe1aded971a56dc2ca9fad8d423d3832f7ac0f915911462729f453,1420277748
961,1705614300,2024-01-18,462,iUSD,1702178661,0dffd2d5af73d5577a3976d171582cf71c0b9c7ad342c2b148f7a369,364538555
962,1705614300,2024-01-18,462,iUSD,1695844333,3068b11c69d8a302fc06eeafbf4925a5f538082cb460ee4fe572affb,998079
963,1705614300,2024-01-18,462,iUSD,1701662250,5f71c368bb0550550ddc071a8dcc17fc0411f419199f017a1c5b0ad0,1916600874
964,1705614300,2024-01-18,462,iUSD,1675282609,4ff84f0ac0bd82a6b10a454e7526a531435890c6da1c01404940d7ee,105836803
965,1705614300,2024-01-18,462,iUSD,1702198595,794343926a43d13d72892383b093678fa0602c5ad6338620eb7c302c,409009197
966,1705614300,2024-01-18,462,iUSD,1694792947,c327beebd731f0bb58b05726c2730c899b4153536cf1d329abf24400,536603
967,1705614300,2024-01-18,462,iUSD,1702215212,65e193520d9ff4374537d97c09d51959d84dc2eafc973bf008b6e246,63049512
968,1705614300,2024-01-18,462,iUSD,1690372777,fbc5a2e4982c53a70c6eb71bcbdfca2698bba849a2e5e06ea566fd93,239035110
969,1705614300,2024-01-18,462,iUSD,1681169069,c19c3361c08376eaf1baaf5c4663dd51eea289a28b4e864a4bdfdd78,309597646180
970,1705614300,2024-01-18,462,iUSD,1685993152,463a5cf576b278f5b6ab89f7c531d77640d68b6984c5243b76eeafc7,238315487549
971,1705614300,2024-01-18,462,iUSD,1701348788,505bb3e2b68b5a25d28fad296a55cf0d744ec232d66bb13b2b5687ad,3
972,1705614300,2024-01-18,462,iUSD,1680227822,fc933ffc8d260f40b24fd2dcf83aad2c426a0471e73c7dc87f58d8ad,41344838
973,1705614300,2024-01-18,462,iUSD,1688516693,520656bf9131c244f7925816da91de7e7b8f96b868d358641128120b,2277547911
974,1705614300,2024-01-18,462,iUSD,1675629364,213a6315a3adfd1ec92b7975944a66e033cafbc8af03c734093cdaec,57950774394
975,1705614300,2024-01-18,462,iUSD,1699339924,d1b647f0bd8cbc6d3120aa72c5bcddf10332dba84cad05eb3f947d29,910932751
976,1705614300,2024-01-18,462,iUSD,1702283392,851e58aaf8a0c9f3c9abbaf773b05533b5aac52afc6f9dab8d656c91,505841540
977,1705614300,2024-01-18,462,iUSD,1685692331,ee0d3f0402347e81228151903cf5249eb6303bf0e78b4f488263db90,499431216
978,1705614300,2024-01-18,462,iUSD,1691492127,3763f45c7d35bfe90ca08bf7715f3bb84347e80cb3ed92ee67367b1e,2445461909
979,1705614300,2024-01-18,462,iUSD,1691546567,dd8f3e200e38deea7336fefd98ab66572801dfabd658f332105e18fa,237142292
980,1705614300,2024-01-18,462,iUSD,1702212688,f1359f1b6ab3e235fac243f8a4090d59a98c270083de057f9a395e8b,1
981,1705614300,2024-01-18,462,iUSD,1691743131,f523a5f3501a8277b92972279f52a33a739695801150b40b93894095,567009137
982,1705614300,2024-01-18,462,iUSD,1700573642,3782bde9e86c66a6e5285e2eb375a59c3aacca2cde3a99151b8bfd48,1128767802
983,1705614300,2024-01-18,462,iUSD,1675830920,9ef82b39ec0521ee2054f18b3811007af895c6a3248eb9bf458ebedd,4281129841
984,1705614300,2024-01-18,462,iUSD,1702368374,60995a3880231b5efba07b82cfd90e7bbf0c91a07cd17553e61413ed,1374940040
985,1705614300,2024-01-18,462,iUSD,1702382559,252cebd7ed70b17a5585279e715905a778bb087829d33ff70a36fd62,179673323
986,1705614300,2024-01-18,462,iUSD,1679023550,4e5426811df99e191ae0bc3eca64836e561a07d1623b16f94828240b,60900836
987,1705614300,2024-01-18,462,iUSD,1702388795,c1092a934b82b2a137599741a0882d67dcffca909391a53d2a53e781,126698611
988,1705614300,2024-01-18,462,iUSD,1702399782,127d26a73f634ffb7d4e6520feddd1f5abc62b4bfb9c5b513a0faf23,4451654458
989,1705614300,2024-01-18,462,iUSD,1702403735,f428fddac0fa65aec8c2d71493de03542fa5a2077c3a8e4d7742ede4,149180719
990,1705614300,2024-01-18,462,iUSD,1670433387,cb57b003edf212f5f09920822915fc2e42c6623428df6c2f9a4aadcd,61859003757
991,1705614300,2024-01-18,462,iUSD,1693807480,02b80d9935da7f00d97323735ff2641d938b14f3ecd24b01a990afe5,4447406992
992,1705614300,2024-01-18,462,iUSD,1686338538,75ee02775bcf62517779f638a4184d62ebedc4da72d555aceed1e655,4994658088
993,1705614300,2024-01-18,462,iUSD,1698945949,b743ce7aef466aecfdc2b6ee5779b83c5b97a64807880ee8e668e685,130145685
994,1705614300,2024-01-18,462,iUSD,1687047146,d815c1f4f8e6ea1b4dc012b9d6d48d8ca315c7cddc030c3c7bf780bf,7448074799
995,1705614300,2024-01-18,462,iUSD,1700526914,c077a4d01190eedf9560f6f30a045ca6580181051a94871793c4fd38,2991014559
996,1705614300,2024-01-18,462,iUSD,1689798417,dede5b62baacdf9db0cc4d64e270375f1178959e709025adf86da9ac,614027219
997,1705614300,2024-01-18,462,iUSD,1692177108,8c1ddac13237e90ddf09d9a1884ad85b2265ff7930c6848c57750f2f,236119639
998,1705614300,2024-01-18,462,iUSD,1675385226,73a2384cb145aa11ef7c996728c5715f87b007368e1a4769853927ee,852472975614
999,1705614300,2024-01-18,462,iUSD,1702492297,b19d4ad9096a58f150df5ded2b337eb4c01c83cdd84ac9646cf7d8ad,828493658
1000,1705614300,2024-01-18,462,iUSD,1677437133,867d0bbc161fa9b4c7fb242b55ac34e39a4c5cb3945ecee645ad2061,51882995
1001,1705614300,2024-01-18,462,iUSD,1702503753,196a92dac083be9dd6a59b5fa690b48f35c52a47acf941f4fefb1060,753121
1002,1705614300,2024-01-18,462,iUSD,1686993540,3ff27f47760d508cbc7e9db201e9fa0a985717f9cbfd307d429ba670,12271179695
1003,1705614300,2024-01-18,462,iUSD,1688953331,d00c92d92560223d54d47e2332b1937f37e48f8faf44d2735e119b40,721293016
1004,1705614300,2024-01-18,462,iUSD,1697612684,bdabcdc638396b13e6a2f2fcee884fac8903ad668c7155fad848616a,279337007
1005,1705614300,2024-01-18,462,iUSD,1683556056,50b984ca982d833e08f2bd2124164aef4193d86503cb484ecbeb1abc,2520808540
1006,1705614300,2024-01-18,462,iUSD,1698831078,277fd1b973fb696cd511a2382770f137bedb994b2395d476db829938,44413985217
1007,1705614300,2024-01-18,462,iUSD,1702575703,731f87d5ee7275023a1a2e34e209e32844edf304e4f34ad54ace3ec9,3194192419
1008,1705614300,2024-01-18,462,iUSD,1702581145,0696bd335a574f62f105d7e9eee0f7a2c84c21b9779fa4885654d8e2,679149459
1009,1705614300,2024-01-18,462,iUSD,1687184088,6bd530b62ab7384bb1c3587cf52c29ee1e58a8f10abe719db749b887,527783512
1010,1705614300,2024-01-18,462,iUSD,1699391646,69af353f2cb9ab695b429cff0e80203bc8e9e47548f28176e9bf99a0,161736126
1011,1705614300,2024-01-18,462,iUSD,1702597560,356ab0d504a33050409178365d8033dfafdcb47f3c68c96db35ed1dc,3795176386
1012,1705614300,2024-01-18,462,iUSD,1685615301,95fa00657c1613aa2f6a3ff39b636d93ae3106ec72498d3e39b0fa8e,758435110
1013,1705614300,2024-01-18,462,iUSD,1687792685,2954f74123faee312835907b70036cd8086ef1552b1cf04161413269,78991017
1014,1705614300,2024-01-18,462,iUSD,1688557506,84c9a45c5123c84cb6186adf1f103d3cb4793808002903cca2cbf9d3,841115887
1015,1705614300,2024-01-18,462,iUSD,1676348773,a3259647cb4c6a8efc1ba1b6077831fe603f4c1236bf1746e19c88e9,899762911
1016,1705614300,2024-01-18,462,iUSD,1702696251,37223635bddfb0e7143443271b68c425e854b0107f1701ba926bfbd0,17146056
1017,1705614300,2024-01-18,462,iUSD,1686711919,d74968060bb951234139833a846b6b81ded3059ad1724915091bac2d,4293604378
1018,1705614300,2024-01-18,462,iUSD,1702724685,0a8d31364f2143a6e566502113ce178dc25d098b2a06e42c1b018e6c,1996370261
1019,1705614300,2024-01-18,462,iUSD,1690120647,15463608644619930e85359a450203791e94e59274cdd04115529ca1,3232007717
1020,1705614300,2024-01-18,462,iUSD,1697383416,604293cf37ca055da2cc6bca55321106d0056390b4ff5a4f19f5bfb0,5
1021,1705614300,2024-01-18,462,iUSD,1669948675,f549c4dfa45a19b8a0ac22a24f491e30cba260e71eb526031e21b7c2,1701917832
1022,1705614300,2024-01-18,462,iUSD,1687405484,9a48d764ff4b8117da0b37be0f132e319dbb672f9f30a4f136cfe89f,1108283190
1023,1705614300,2024-01-18,462,iUSD,1702764598,ac85c00a2736b75b05a7346072328b218c6e64f1b1f3d24647f57cb2,1961129318
1024,1705614300,2024-01-18,462,iUSD,1690240843,00d5a046be21b4c6c5c6c90c6f831f2b6413cf7c22bd0e0affddf169,5595651
1025,1705614300,2024-01-18,462,iUSD,1688524510,7b265e114f73e3211208c90e4ad81cc9c33949b1b14cf64f7bb83b90,11263686995
1026,1705614300,2024-01-18,462,iUSD,1697490240,d1f445019e940fa4e89b149599b431d0ef7592743758b010b8866898,3993185067
1027,1705614300,2024-01-18,462,iUSD,1695722920,a753860cbfd3884ffd93ee7ae4762a618855a982c2bcff3da2623281,3086779
1028,1705614300,2024-01-18,462,iUSD,1689862899,597619e9233ddb715df243a0d183d89891f3204dcac08dcd692732ef,1996370262
1029,1705614300,2024-01-18,462,iUSD,1702839339,3129b99e62138bae94014eadd51850cc7cddf7e0d5ff58f50a1fed03,408676103
1030,1705614300,2024-01-18,462,iUSD,1698519697,616ae6f4803b2d581ebd1d5cf6b74c35cd5ab3a1b9bd992a9cbee44b,461106642
1031,1705614300,2024-01-18,462,iUSD,1687409072,d94f9bc0ffe11ad1005b22a6e5c2b471b29c53510aa81514fc24d95a,1876386048
1032,1705614300,2024-01-18,462,iUSD,1702850332,b3628e24f6d8e81e31b7c5dc85cbae7ba04e6f17bbdd1f75eae051c5,129764067
1033,1705614300,2024-01-18,462,iUSD,1686000561,3faabb3508ee0fb5a909dd6e5b73d101c7e0d69fe91f75593c8033e0,1752871622
1034,1705614300,2024-01-18,462,iUSD,1702900022,ba723099e73d3c12bbe935d3286ca851beadbb24e82e459d2cc47095,449183308
1035,1705614300,2024-01-18,462,iUSD,1686858133,30179de3ec968f9071cb72762baf87ba795033e3555f72da413ff06a,285549390
1036,1705614300,2024-01-18,462,iUSD,1693175193,fd79020d34bdd47dbdfbc9bd9b330d43a0ab87be0e6f96a7328591d0,3508865228
1037,1705614300,2024-01-18,462,iUSD,1682552643,5a3d4f39ee17e2b67b6dd93ba71379a098b16f5f1839a069ce9533f4,563425114
1038,1705614300,2024-01-18,462,iUSD,1684339757,00f552d264a6ea476b3110914a7d22ae1b9dc63642bf28b8ab868370,4490629521
1039,1705614300,2024-01-18,462,iUSD,1686000218,d1660b25e17cb23c44f9161fd71df2a4e847f5b1e0b23a4bae71423a,30609327447
1040,1705614300,2024-01-18,462,iUSD,1669840004,4bdcb3d0328b899e150cbe4efeedafcb2d46cd97f56d1d1a97b8f99d,535401438
1041,1705614300,2024-01-18,462,iUSD,1670592568,9d7c80e92b2d81a528c6f4ce7fb1abcd5efb56c5b3123a27209be50f,10354430
1042,1705614300,2024-01-18,462,iUSD,1686554905,1fb1c72ebf96a6768fae696c153566f58d9e115accc56b2fb34d1e8a,34258494
1043,1705614300,2024-01-18,462,iUSD,1696721158,2c1ef015c1c1f7ebd56316e4f1e06504b9c2fe0542b70c2651235b5f,859013
1044,1705614300,2024-01-18,462,iUSD,1702772729,1e5f3e09247475845083ca8c0c0b670ffb7a20f4e81bd404b068c89d,373506
1045,1705614300,2024-01-18,462,iUSD,1696721780,d9c22f53b65de245d53960e0ebc869bcce325869e0474dbac405ce2a,107265
1046,1705614300,2024-01-18,462,iUSD,1696722045,c1ca0e406c026b2c5bea93a87adcdb47d35ff84fa11aad36bf508bdb,128358
1047,1705614300,2024-01-18,462,iUSD,1696722321,f704a30ed24b42848a7f70f6deac1c07abb2ea48d7945f9a42e0ad57,43320
1048,1705614300,2024-01-18,462,iUSD,1699445444,0feb2d66680dd2c8ef55cff3f1f7a06ead08eb99572818586280704a,253170440
1049,1705614300,2024-01-18,462,iUSD,1703203627,2e5a4c00de5e5ae25ec3d16e50b1da6b651d07ba33d3af5358becf71,4773041925
1050,1705614300,2024-01-18,462,iUSD,1688467676,b9a88f9937812d62270598b7d72d15364271ece5276dac5636f3612a,2143566863
1051,1705614300,2024-01-18,462,iUSD,1703226232,a199d2ec461153020ee18bbdfe5e4e3a2c9778bc4d265ef7dc64a6b8,294351528
1052,1705614300,2024-01-18,462,iUSD,1703238125,3141abd7e95b802153e5317dbb61409e11496c673ec32c1bd2003655,919128166
1053,1705614300,2024-01-18,462,iUSD,1693355218,072569588caa5cdfcfc07a1bc6e8731d835f6a6f5c077d1d6dee0756,1029101889
1054,1705614300,2024-01-18,462,iUSD,1703281723,cfc86975cdb936f8230cc9dcfdeed0241c25ed727e579af4208f13ee,36413141
1055,1705614300,2024-01-18,462,iUSD,1703323557,fbffa3ca1aa8b1911628181e1757f2976c4981da8ce4a1cd62cde4f0,250203597
1056,1705614300,2024-01-18,462,iUSD,1696585698,939599008b9c90675392a3352031aa45ab10e13d3d3ee551560cb222,7820391604
1057,1705614300,2024-01-18,462,iUSD,1684505658,2d7f83bee28f29bf82eb41de3d59674e71af6a2faf3cce9eb95d6026,112425422
1058,1705614300,2024-01-18,462,iUSD,1703352524,a516f653a9b09104071ec3c345bfe43cc5e6ac9292261739dde20bce,20007333
1059,1705614300,2024-01-18,462,iUSD,1701400487,28e6f2f013c597fb1c39699e5bb4c81671f48d77facd478638908785,2406526018
1060,1705614300,2024-01-18,462,iUSD,1703368888,efda1876150517bada5ee99c1f6e556d912b8c255b1471f78e60235a,208218583
1061,1705614300,2024-01-18,462,iUSD,1674380618,6a454ac65fe62709fb8b2f46b6ed76a6497997c2eb9cfd9b4de35940,11317015052
1062,1705614300,2024-01-18,462,iUSD,1685754943,c7433f16ccc68259a53af788ab3d7178af7b97152636957fb2c62dc1,1168433734
1063,1705614300,2024-01-18,462,iUSD,1685494684,c4c6e2c645f453f6f7ca990b7ade2b2b2de868c0aeb5c7511e481fe9,6385792593
1064,1705614300,2024-01-18,462,iUSD,1685885222,17b20aff00b6cd78f4ac0c68b92d90346171f461a9e6d22aad787dc9,253999404
1065,1705614300,2024-01-18,462,iUSD,1700265822,6077abce350b8d0846071ae22ba796d4996a063e4980982a12b7d513,797699323
1066,1705614300,2024-01-18,462,iUSD,1703535464,213e637023994f9e95a0893f99dc46c3bb7b59dcc0f7d7e03e033e58,299455539
1067,1705614300,2024-01-18,462,iUSD,1685577073,929695c172f6c2841df1482161ec1a2716ee2f166c27c86b20736e71,272506066
1068,1705614300,2024-01-18,462,iUSD,1703570837,6de2104aabc8c93f55bec195779a69737cb64bab3884e5b87cbc3143,3820864681
1069,1705614300,2024-01-18,462,iUSD,1703621398,ffdd039503cc055c683d4c9448a5de6b8440d2537d7f22d509be0244,6787658890
1070,1705614300,2024-01-18,462,iUSD,1673734575,3b51d0cc84f801364b28475d2d494f4f3fb23fe7ab720ebb6bb75437,231261568
1071,1705614300,2024-01-18,462,iUSD,1703636456,597ded7889a414cb48bcad2592316764ba7d54bb6bc6c0b0ccc5c2dd,1820384464
1072,1705614300,2024-01-18,462,iUSD,1673649090,24f988ff2d6c698e40546682235b29ce08d28d58610087a8b51d4f7b,500337623
1073,1705614300,2024-01-18,462,iUSD,1688832526,83f774ceadbc91b2bf50c6f36088196389100ad4145260fa555011b2,208068519881
1074,1705614300,2024-01-18,462,iUSD,1685879423,9c8aec49d745d235f31947cec55e7d22010df0d07bbe94e7b7b4d18b,9468484241
1075,1705614300,2024-01-18,462,iUSD,1694594723,a05f633f38a2e39630741c08136382bf304be65bf5173b8de6ea8233,843550691
1076,1705614300,2024-01-18,462,iUSD,1695761032,ed67c1814130e1843ff71ecceb55817834bc41071a996d3c3683ff07,789986870
1077,1705614300,2024-01-18,462,iUSD,1690484286,b9979b3a9ceee50179595a54a5e1224aee35f9d541d2bb807636c085,712346378
1078,1705614300,2024-01-18,462,iUSD,1669511356,5b06d393e8dfcfc2b19ca8ecc91c242dd437ed72d917391264183f36,702906287
1079,1705614300,2024-01-18,462,iUSD,1688648468,ca79ad389e53d6d78f64b08613237df256252d328a6adf8cd3fddaad,1499060476
1080,1705614300,2024-01-18,462,iUSD,1683343953,e0a5fe8d81c61f33e7b47c1a5b07c02ca836cd80b91e2ce18e088db3,1599608094
1081,1705614300,2024-01-18,462,iUSD,1698253407,539de384fd00d19831a9dee138ad807d7e13186e72ad923bf05759c6,470382855
1082,1705614300,2024-01-18,462,iUSD,1689509543,8c516966b25c9f4da8ad8fc78ec351c17ddeeb5500c875c73373d2b0,1798959394
1083,1705614300,2024-01-18,462,iUSD,1703786414,7f8e44829cfa592b7198af832600fa6279f440a1eab915074d8b7820,998187784
1084,1705614300,2024-01-18,462,iUSD,1692312460,9f376f894c2b994121f92765e48368c979e9c029a3f4e4ecea793e16,50347043442
1085,1705614300,2024-01-18,462,iUSD,1703801563,1594fe38ecfb96d2823d69f2b242c2fe2c8d43f453fe69cad89aa955,525789340
1086,1705614300,2024-01-18,462,iUSD,1688684056,c3945d89b9f99ee385a09971bc4d7bdeedf5e6f809f8f72816ddd692,743057123
1087,1705614300,2024-01-18,462,iUSD,1702473053,3b010180935b7c7664f4bbf4060cf6ccf807e639f0ac5dc9b347e6af,380474148
1088,1705614300,2024-01-18,462,iUSD,1703866879,c24713c273f326fca73771a1a5b5a0a8484375038c50ab8fe285fbf1,1912632223
1089,1705614300,2024-01-18,462,iUSD,1669624419,9057a63eaa2afa9e1f67bdb5d29fd62c59c91d0c79a30e225f079aca,11713455501
1090,1705614300,2024-01-18,462,iUSD,1686472438,a2d70cfaa0036c4e8ff9d67d82c708bedb8555d2d26d27953aa72b89,3714619645
1091,1705614300,2024-01-18,462,iUSD,1689563572,fac447a7a795f2b08ce132a2daa6b394adbe5a6b5a378b705c20dd86,170728705
1092,1705614300,2024-01-18,462,iUSD,1685608588,b5e29b13b00ba8a4b4e60c434ac0b462f3dabfbc3be5ab7bfb81450d,553155078
1093,1705614300,2024-01-18,462,iUSD,1699786835,061fefec177c431223e3d3cdf15df264745fc32302f3b1b3fb53a997,39973928744
1094,1705614300,2024-01-18,462,iUSD,1693404460,4bc42a51d5b86d192f74c6f89fff93b8b4bd983b5afa88f1f30fc307,11297007056
1095,1705614300,2024-01-18,462,iUSD,1686601644,7502c5c924fda27047c2cdff8e5a3ebf823c8427387b674b12b0203d,8138898
1096,1705614300,2024-01-18,462,iUSD,1688133583,8dc87d03f862104a9117247e414f007ea8167226f52de0eed6ccdbfc,156473534
1097,1705614300,2024-01-18,462,iUSD,1682142363,b56fdbb66dec9c967d89b574589a540521feb3e33cf3153e02d443e8,118782567
1098,1705614300,2024-01-18,462,iUSD,1670751740,4ee18dff52099c980cd8d3a1e85c37110cef73ff901eaabdabc12c60,1757027430
1099,1705614300,2024-01-18,462,iUSD,1685948134,eb0382a090804495fc3003fde29059573bdb73ec2568ea91dc8c3984,3802400471
1100,1705614300,2024-01-18,462,iUSD,1694110054,442473fe94bec21e9f98a2aa1ee59955a336ec53ee7e9571a37919fe,375886033
1101,1705614300,2024-01-18,462,iUSD,1689056766,e544d0152f17bacc61736bea720477a416dbd60ead88c42cf6dda564,413774682
1102,1705614300,2024-01-18,462,iUSD,1703681788,83e50c19e37dce9734af69b4b6d86fac33d96c6af1f2b513e8672076,494972640
1103,1705614300,2024-01-18,462,iUSD,1670097335,85bcc68578fe0326ae00e8aac5e6c5e734dfc3fc04d8e9a31d27c1ef,35223251660
1104,1705614300,2024-01-18,462,iUSD,1688814757,092b7b9ae9bfed9f25757ce431f885b079ba820ec102294ec9f18c5b,410013521
1105,1705614300,2024-01-18,462,iUSD,1704131589,ba44b48476836f079b2c5bcd6f369bf0e80176bfc4efe08b4f5b17bb,384444402
1106,1705614300,2024-01-18,462,iUSD,1681685849,2f37e1ed677e0433a6b91609ff613f842e0a1d4ee7d3c180806bff79,10577852
1107,1705614300,2024-01-18,462,iUSD,1690597295,1d873b8c37d35e5e322736d5194df4efbcec93bd3e87090998185a10,1790010573
1108,1705614300,2024-01-18,462,iUSD,1690899435,a37fab79f14d68ea324942d0acb658d887671d6c09f3a5c9284f2348,3882616989
1109,1705614300,2024-01-18,462,iUSD,1694953032,ddef66ce8b077adb0fba93f624cc313017ce71831268f1b77c56d4bb,15533611410
1110,1705614300,2024-01-18,462,iUSD,1690130946,422352cc2e0da85c78a0e09b09dfaa78719da049e1be30f81c917cb3,813625340
1111,1705614300,2024-01-18,462,iUSD,1685989763,e4833eff5469ddeeaf0fbd065ad976676be56e8cd67c04526d51c495,1523595085
1112,1705614300,2024-01-18,462,iUSD,1691034089,add22687547b52ee682e6d576776af097ef9374ecce09681b9b43715,13823960039
1113,1705614300,2024-01-18,462,iUSD,1686616661,5d6cf27ed5bb7540f7d6c438ca36abddf5d14e80c1296c53e8528428,1997897167
1114,1705614300,2024-01-18,462,iUSD,1684623608,bd96fe20f8f49764a9bf949244b85abf65f8e99cd523619b535e4b96,1342207257
1115,1705614300,2024-01-18,462,iUSD,1699582605,496632bcc28a738efb00f2ccaef3654b9fb0ba9dfaf9d359f1f71d21,300853801
1116,1705614300,2024-01-18,462,iUSD,1688417700,ff8e7203f15bca5e4a5daabba94cb4c7d76ec425eee4071a5299533c,99837124
1117,1705614300,2024-01-18,462,iUSD,1687403343,3d4d56f02ddccf47cbebceccd1d5fdf9e2f8020e8fd929e08318922b,35119073282
1118,1705614300,2024-01-18,462,iUSD,1670376638,e0ea68c3e09114bb8b746e67a3e44b5e4c0cdce33c07391dc1f61be2,14335933075
1119,1705614300,2024-01-18,462,iUSD,1704298806,3cd7c24ce9bd946bf2767ddc45cbf6151b7833fd42141e2edbe55951,5997179974
1120,1705614300,2024-01-18,462,iUSD,1697060545,60071788ed480df89d5b3a7520b313129f54358f8f0bb7034c2d320c,249762643
1121,1705614300,2024-01-18,462,iUSD,1689345586,093d90f3179c6ef978ad029694d305ec504508859a0370f81ff4b8e6,13441316700
1122,1705614300,2024-01-18,462,iUSD,1689381617,db54bcae18acd1d59a371bd68630025ea86c34496cd7a50f66941c8c,968194685
1123,1705614300,2024-01-18,462,iUSD,1691328222,7c287d80b89068e3f0e5ad9cdcfccd67e264e10c7bac1f1c50b4b4ce,227860627
1124,1705614300,2024-01-18,462,iUSD,1703501526,9465c0a617ef9e96e745ed622dd5c9d5e4fa0401b31126ad135727c7,339480756
1125,1705614300,2024-01-18,462,iUSD,1699726946,a6049fbd2fd723e4f19c5392bfff9019d10ac59d222ee86ba05c9b2e,2593646964
1126,1705614300,2024-01-18,462,iUSD,1704256730,50fd38bf36d83d84ccd5adb48c562d33a25678bacafc9ef6914a179e,2080780
1127,1705614300,2024-01-18,462,iUSD,1670386477,4604467a331a2044f37e747d8d081b73538f8d1001a17b6bb55bb0a8,153036463
1128,1705614300,2024-01-18,462,iUSD,1672820244,9d6a55eb1359d4a6c2f1466d1d65dd5083a6fa692b69702af90b51bb,2378015304
1129,1705614300,2024-01-18,462,iUSD,1700498400,0d54066357cf1b893f76d88adc3586fc28aa526ab3ac30db74147a50,101884134
1130,1705614300,2024-01-18,462,iUSD,1704215448,5f2bc11e9fd3ab9b7bebc6a38606065c2ee002f100eff93ba0c1c11d,1215318276
1131,1705614300,2024-01-18,462,iUSD,1699208195,cf5a71377304beaa326262fbe9c2c4bdb79a2c9dd8b58587361d75d3,56085111
1132,1705614300,2024-01-18,462,iUSD,1699833368,2247ce045507dca9f1bfbf74a523304b202e019b5203c6a4138f54a2,7646457438
1133,1705614300,2024-01-18,462,iUSD,1697471496,161a687a86180fa360188933814f9312374933ca9ebd7d05a9c4d64d,6216251692
1134,1705614300,2024-01-18,462,iUSD,1683112118,6e1beb91f97d5743780e42d9a3deeb8102c716ae69bafe5f99a26e79,22528073600
1135,1705614300,2024-01-18,462,iUSD,1686173878,5e13abe277486840e30f1659db877d7419046746b4e263c961e69b28,54950937518
1136,1705614300,2024-01-18,462,iUSD,1681257713,ca0f77040a2b74ee79cb3a2c8046083e364c853648d64885a75ae35e,837607785
1137,1705614300,2024-01-18,462,iUSD,1700759657,a50466689a90632b84753763a8bc836a6999bb33231717bca9bcd76e,78409685
1138,1705614300,2024-01-18,462,iUSD,1696262928,5446c91da475b225e7ce82798f89ec461f909b2d79d1abda178b5578,5001381715
1139,1705614300,2024-01-18,462,iUSD,1704497870,15602734c17c4c53a51c898d95f5bbef7e35899a761a98dc8acff0e7,99891240
1140,1705614300,2024-01-18,462,iUSD,1704511193,7083a0773c291e0d4701c45e86a2cffb6b5a58b37a2948478bc9bb11,896180324
1141,1705614300,2024-01-18,462,iUSD,1704511617,e794c8df47584e1931c1fbbc03c4375a5d895d675c337668088fcc78,299673722
1142,1705614300,2024-01-18,462,iUSD,1681923524,54f8269df233658b118fa1e8733a1a87d080a4fa52f9fcdfb6f792c5,45108267000
1143,1705614300,2024-01-18,462,iUSD,1702031659,9bff1a8039e5cb97245f9565532bdfc5e7ecb57bdf4e556b961f2754,2394348031
1144,1705614300,2024-01-18,462,iUSD,1704525145,adfa05b38e47fd0dd027217e2e2b26c8bbeef24b73ac056cd653e96a,394826246
1145,1705614300,2024-01-18,462,iUSD,1677827441,63aade055d90301cd816870ee5a3c9fc67d769274b8633e7a7893f05,75526194846
1146,1705614300,2024-01-18,462,iUSD,1703872501,6cfbc28fa54b2920b6cad9531f7071724ecaf253e52c0c7686613e98,31964209
1147,1705614300,2024-01-18,462,iUSD,1676357424,4613c7a03b53d3a7de1991289304d848749b9602fb602bab2ed697cd,1998015610
1148,1705614300,2024-01-18,462,iUSD,1700815751,8846f1bfda0bcc1eb4cbdc8259a3bb444936b77310504840530284f1,2295478023
1149,1705614300,2024-01-18,462,iUSD,1675710749,b2cd3ac1116b5d4d2634eb51a832f9c99dd03abe51b9e05f463bde68,685852066
1150,1705614300,2024-01-18,462,iUSD,1704342918,de8488c64fd5fc8383668f550cb79f2c2548238b214e2a332eb953b0,6825810885
1151,1705614300,2024-01-18,462,iUSD,1698107905,91a484d734334a3069b53ae5373393a8ea8f93d88627670c00f8e8f9,14227917958
1152,1705614300,2024-01-18,462,iUSD,1702716371,4a327222227863b7a44a7d9ef1e8148060bf75334ea1015e18617e17,31012615
1153,1705614300,2024-01-18,462,iUSD,1696757586,eeb30b031f8ddd6c5766289a4faebc9fb55ea39eaff3dbaf28d106dd,3844406077
1154,1705614300,2024-01-18,462,iUSD,1690912010,2b895e4b71b00c1b791f9f19402cd8a08898720bf4e990cc4eef77b9,267002370
1155,1705614300,2024-01-18,462,iUSD,1704601483,b4f49d381dfab7c72b4c9e56928960a025e527637b09e89db43f7dbe,77795834
1156,1705614300,2024-01-18,462,iUSD,1703328588,284f8bb7fdfe9e686872125b7eaea87d69b61c67c86af79f65d4972a,499092567
1157,1705614300,2024-01-18,462,iUSD,1700170209,b393916fea3fcf2c7ab1d1ab10c47cfe311f20e7ae95a2affd8407c1,386789447
1158,1705614300,2024-01-18,462,iUSD,1686226244,602b1ace1b71e19ed66c18aea5034eba1835fcd1f1af03ccdafccd8a,8271419851
1159,1705614300,2024-01-18,462,iUSD,1700222507,3b9070843cfd1111780923e400c7dfd2a3418e6e014cb7469a65204d,122060765
1160,1705614300,2024-01-18,462,iUSD,1674033717,3d1168af1573bf5b74d0cf10c8fa32a1b4173649f230e1c90960183d,12115780
1161,1705614300,2024-01-18,462,iUSD,1704650657,cde2344b231968c96c439b1ee92c23480ccb683a789a2e61f0ea9aa2,273741212
1162,1705614300,2024-01-18,462,iUSD,1674406004,edf2a7b7d47e681123613e5c8c2162dff732ab5c2785a55964344b81,1055490700
1163,1705614300,2024-01-18,462,iUSD,1704656919,c1e127e6f4fe215c3dcf7cc66335711c354e4e032a91919b7bb304d7,19050395736
1164,1705614300,2024-01-18,462,iUSD,1686461112,50b834c5a9617a6a7d88fc1087764dc7df7d8929a68412245e3ddef9,785352008
1165,1705614300,2024-01-18,462,iUSD,1701386173,e0a01d855bcf78a32e506af2e884320d922b7e884afa2356776dada9,997451432
1166,1705614300,2024-01-18,462,iUSD,1693208034,2e4fa47bb79e7a949afe7120907ed104d82118f209433130746e7c87,14415889007
1167,1705614300,2024-01-18,462,iUSD,1704387651,c0032e1e478717a8f6cd2269c9c5877b625c7fa9b4e4f3e8aa8110d8,3466401363
1168,1705614300,2024-01-18,462,iUSD,1692462592,f5fc2163bd928f1bd4be6463323d1341eb5709ad2fc7780f3a0110bf,21915789961
1169,1705614300,2024-01-18,462,iUSD,1672092540,eec262031b5b78bd61e1f5aaeb37110ab6599407ab82682ad1798d21,1173612603
1170,1705614300,2024-01-18,462,iUSD,1701351536,f345ef8a03058d65c9e5f976341e69412829c42e452322faa7f5fcdc,27412714180
1171,1705614300,2024-01-18,462,iUSD,1704419682,c1b6310988a93b3ed2503153879b097478b4f47f484f060aebc71ee9,3918799557
1172,1705614300,2024-01-18,462,iUSD,1694086040,342b901edef65bf1a7dc2e6cf40a410d0e2b94104e6995e0de3ced6c,4999280776
1173,1705614300,2024-01-18,462,iUSD,1703433167,c05a3bb916f898f5a4bb6886e7eca889c8f0e337ca7d0ac8a23aadf3,4485560851
1174,1705614300,2024-01-18,462,iUSD,1689722785,80e6c7de0d6efe91cf577b5502f0f7f9fcb5225d49fab2d74cf0cdc7,638000717
1175,1705614300,2024-01-18,462,iUSD,1687027577,5cdd7f4959486306226ebcf1e43d45d7bfe2c4acd7ebafaf2c647248,3217789093
1176,1705614300,2024-01-18,462,iUSD,1689799412,c9e01dc055bd66469fa16356f9912c27f82caec0bc33240e9ff61f30,221655282
1177,1705614300,2024-01-18,462,iUSD,1688988811,982897eebb4516bb2e68c969145ed6b60afd9581c5395fd8d5f41671,3058744796
1178,1705614300,2024-01-18,462,iUSD,1677668016,9c2b04c3d361d4d72878e7c0c067ce6cdf9f29561bfab5c59728c4e2,3766645939
1179,1705614300,2024-01-18,462,iUSD,1700852420,23c91e5a1ef52f1009f60d112978fb5c94b7e7d2692c59eaa9fea37d,13506230289
1180,1705614300,2024-01-18,462,iUSD,1701504240,38f0144422fa44ab4880fe15fbf9056968ea7abe89c7e5a07b347f61,1201173726
1181,1705614300,2024-01-18,462,iUSD,1679598846,dceb6f76062e47c7f0824460a7cead1eeb4f9d450f5af0d6fb9b4b07,3709598963
1182,1705614300,2024-01-18,462,iUSD,1702681429,8622c4f33898222807230df0531bf23dd408583e8452bceba33977b8,2076837370
1183,1705614300,2024-01-18,462,iUSD,1700210468,d7093cc9caa740381045e3c433dfc849c3403ecf066fac9233e14246,2039180054
1184,1705614300,2024-01-18,462,iUSD,1686394290,69db3ddacd4bd728026a19f9e8be6d41771d6cfb8cc1706798b3ad1b,774926700
1185,1705614300,2024-01-18,462,iUSD,1702315055,c24c5b3829e8552971c4648b3d847e764cb2125add1d6cc174ba2681,24689695
1186,1705614300,2024-01-18,462,iUSD,1704065792,22778de05c70977723ea69a0ba94506ab39b2cc9e76b8f47e69c260a,92969
1187,1705614300,2024-01-18,462,iUSD,1686952040,56270f8bf55701d31d45a3db4a13d99ef7848fc936616777f4257dcb,2458081113
1188,1705614300,2024-01-18,462,iUSD,1687604847,2650b27630522d003c9542d54127d356f73714d289f491e8daff64f4,1100178596
1189,1705614300,2024-01-18,462,iUSD,1697547395,fc3f98ae5a3b654f6d89eebba84dede2c2ebe58d58ed3d59984dfef4,7858
1190,1705614300,2024-01-18,462,iUSD,1670024886,344b062d324fb1d5c2604c5381acd0e0dc8eac7fe94613a1dd1c9ee5,13981357303
1191,1705614300,2024-01-18,462,iUSD,1704738837,7bdd0506ab1adc6beaadc78e64b18d9c9773d0a67a79e788f83c7d7c,458504960
1192,1705614300,2024-01-18,462,iUSD,1672802724,a181fb98e93e123144d85fee0993bd560ed91d82ccb4b9681bdecc95,6134864443
1193,1705614300,2024-01-18,462,iUSD,1692775586,9a2468984f0481f9e23b7537207c3f5ebee0803e8cd93be6e89b18da,5001900823
1194,1705614300,2024-01-18,462,iUSD,1685992965,df4963de19f6c6e078c717c629a8f6c2f76288212972bd31a8506cf1,1000000000000
1195,1705614300,2024-01-18,462,iUSD,1698110872,97abddf0ccc26df60a24679fe7080de9ead18fa0d973a115ce072ca8,5440883599
1196,1705614300,2024-01-18,462,iUSD,1685594934,fcc20a843a102f03b5a67e2d9567fc74c70c2c2c294b85fa83086611,235684701520
1197,1705614300,2024-01-18,462,iUSD,1701977736,442188dc1023e5833d6af0f472e23d5b9445fc20dd45cdb9b8d83292,676790864
1198,1705614300,2024-01-18,462,iUSD,1681831483,8aae701fce6c665a60987e720af72af63c4dc2c4ed1e5c11d3f15f2e,1
1199,1705614300,2024-01-18,462,iUSD,1686963695,775ef1ace4264239a1f7713dfcf2509b35664a69ff58631d9ca7b43d,542802987
1200,1705614300,2024-01-18,462,iUSD,1698713835,e9a40ddf87b256fb83249091f274bf94b94f0abadc1004e5ac90c47c,242593399
1201,1705614300,2024-01-18,462,iUSD,1699930217,0f1c06517bfa8738c45145700c04303d1f5b5168cec1a083deebcd7c,5554832997
1202,1705614300,2024-01-18,462,iUSD,1697481249,7f840689077bf668b1045413af53923195a820e89f99b0a2cff13511,56246821803
1203,1705614300,2024-01-18,462,iUSD,1698215587,f250e2a5e14b04db1f4662016e47990f062bf13a8165ed192954a69b,28755230107
1204,1705614300,2024-01-18,462,iUSD,1683393966,6e4656048dfe8b0c4f754c0d409f5e186e2f4589f7ac9924fb6022b2,73616082649
1205,1705614300,2024-01-18,462,iUSD,1686451979,3e253558970a2b5956a66d2b5d7ef2a57edb8aaefe9c3ed9f96a4019,3000345342
1206,1705614300,2024-01-18,462,iUSD,1694729817,c03296235e1dc8ce38f8081530a426f6c14e0a1d50beef76c99c5b7e,94821615895
1207,1705614300,2024-01-18,462,iUSD,1689084827,f2787e5a6b51190244f3acb36a6b9a248466f12f27ab702d9f197299,36255157647
1208,1705614300,2024-01-18,462,iUSD,1695529344,058f356380a71f1d3d1e14c7f1abba5f716847dfe200f36c3a5aa949,54565767158
1209,1705614300,2024-01-18,462,iUSD,1669271644,85dccd823a8eda33c9f680bb5dd7c09479fae10c95732a968f39ddad,1169787804
1210,1705614300,2024-01-18,462,iUSD,1700490238,fcd48647f15341c391c4f4814a0962422348bcd97dd84b51e6bf9d52,1661513547
1211,1705614300,2024-01-18,462,iUSD,1686791827,7328ab6d917830c7db07347e34d628bd76421d260b9064231a34955e,400250378
1212,1705614300,2024-01-18,462,iUSD,1675722059,9d2414ab252cdd877f2b5aafa6eb7dd60cbf1bb4871ed9e184ed1078,6502308212
1213,1705614300,2024-01-18,462,iUSD,1704803365,a372636cbb53734a00019f674cb619e441c815bb9d1be90342bb3eb2,500000000
1214,1705614300,2024-01-18,462,iUSD,1679732100,97bf01e140f1cd68d8f3e3fa882f1f10784d33847cbdd3562934fca0,30780861412
1215,1705614300,2024-01-18,462,iUSD,1686620701,51ba77a69f4bd280866f41ca99f33f4d0d82db2d7bd7d854b915fc06,2932151039
1216,1705614300,2024-01-18,462,iUSD,1673021840,6a2c3a7d1e485d49c7efe91575984b72c9fdaf47da535a79cf8c455e,4103989272
1217,1705614300,2024-01-18,462,iUSD,1674593539,fba8d8b4540834cf4a429dd21d96df1b9aa9232c87cb7c22e5a91ec4,4000187230
1218,1705614300,2024-01-18,462,iUSD,1685236216,a906c9214bfd42f7299dedeed943496d866cb18ce0f178b0e37d9a97,801299251
1219,1705614300,2024-01-18,462,iUSD,1676525063,c89afc2da9175089b41172171fccd8eab4fab0a4c4576d3240e0e2a0,10046789671
1220,1705614300,2024-01-18,462,iUSD,1676001575,7d5b6a4c6a729bcc64f2d0fda08165edee4cbe08d27c3469d6310ab5,45000000
1221,1705614300,2024-01-18,462,iUSD,1700927228,576d93519fe4ad7a4e980f811b82f508e2a0abbdd532ae9b7e7e6901,10118220471
1222,1705614300,2024-01-18,462,iUSD,1689526391,c3830b9a5c243a77b2326f19f0edcbdaf25b24d271c10effc510dd1e,1953510772
1223,1705614300,2024-01-18,462,iUSD,1702017666,de34ce72313738256a37ec8813be0561e6b5fcf914e46ceb782575c2,20176251229
1224,1705614300,2024-01-18,462,iUSD,1704062842,c8252bb996a2ab4ec46f72515358d2ce36d5e2f8a632a46f8c80bbf6,20398943835
1225,1705614300,2024-01-18,462,iUSD,1694285388,0cc3fd8d76cf6637dd2bcf040015bb20a7845bee40ac164df50254b6,19560661317
1226,1705614300,2024-01-18,462,iUSD,1703985628,6fa00e98537d3a4b5f7569fdd2b2d26bb792fca215bca59b8a483917,547399663
1227,1705614300,2024-01-18,462,iUSD,1688499824,a3ad69669ecee78b25f6b796d095ca691912481c72cc3ff42ee41ed1,276703100
1228,1705614300,2024-01-18,462,iUSD,1704854343,69fdbe3d1c788051f27c504d2889eaf3def245dc10e14732119f84fa,1095984482
1229,1705614300,2024-01-18,462,iUSD,1695536087,ebb3c77c9d613815a380172a1ccc3f14b656b3a637c068209100501e,901308519
1230,1705614300,2024-01-18,462,iUSD,1704720217,20e1fbf78899ea46f45f90a88578ead89ecb58427e3523060fb1a5c0,1000000
1231,1705614300,2024-01-18,462,iUSD,1686136835,2e36826d65aabaeb8de141a240ba66e04b5b95764abb00acbe9462f6,3768677620
1232,1705614300,2024-01-18,462,iUSD,1704539510,f130e5b0b9c5180b75bc9b2bfa96fa6ab7d269e4534765800d08aa06,1396470386
1233,1705614300,2024-01-18,462,iUSD,1689629544,16acc855c03e081be1599b86632c5fe8ab630fb3f656a018c206ee8a,72462061
1234,1705614300,2024-01-18,462,iUSD,1704896462,e47e12bb8284ca773af4c8c210c012ac12c36a7759550a8f93f1ae5b,43234666749
1235,1705614300,2024-01-18,462,iUSD,1671648844,2a2acc24ba402b8086208c7018a49ae417d95461d2979b9d994f9035,5695269324
1236,1705614300,2024-01-18,462,iUSD,1688674649,f3820b9d2e1ff6bc15652ffbc01346225e9d3f5c06adeb77b316f12a,116096752
1237,1705614300,2024-01-18,462,iUSD,1699338140,44b2ce776e5c1d02812bab7652a63fe3a7a846d448b522ed320dc778,4017705833
1238,1705614300,2024-01-18,462,iUSD,1673127736,e09afca138bcdc4bf4da58eb17b98db2572818ba7ac17328f9db9118,45683880519
1239,1705614300,2024-01-18,462,iUSD,1696642312,f900131a6e5bcf3de88bfa2d0399806c5f3b11d7f5318bb0c8caa560,34020689759
1240,1705614300,2024-01-18,462,iUSD,1693189800,7d2f89e8109a3d667ec7c3434e33d59cab1f194e93cec686e132154a,186184118648
1241,1705614300,2024-01-18,462,iUSD,1688937591,a79e3310327ff57aec9921c729d9a81389fe10aaa398fda3e5ae0fb3,7991065063
1242,1705614300,2024-01-18,462,iUSD,1693426192,adbbc6153ee01f33a02b4e5d803dc50fb0c1085c9641ac1c69967038,815343243
1243,1705614300,2024-01-18,462,iUSD,1698715900,c72d1e782124b7a5b2ddd16fcce4fb1909d968ae6540dc87e6dd63ae,411386717
1244,1705614300,2024-01-18,462,iUSD,1701755425,d47a7d5c335159fbd0bae4d138a71d938a74a1d188a475388f503ada,4181282158
1245,1705614300,2024-01-18,462,iUSD,1678512559,0bb67baf3148157625daeb00d942466bc473a3ff85dd49afa7658f89,162870961
1246,1705614300,2024-01-18,462,iUSD,1686391589,a21b4bac0ec5723e223e741f675761f2c57c67be59ad3ce0e04ea732,54940461940
1247,1705614300,2024-01-18,462,iUSD,1690649022,f0759375e806e0212efd939c5734c9894fd1f309d3da6471e068bdde,19556322804
1248,1705614300,2024-01-18,462,iUSD,1701909735,7d2e51d3cf9dbef4b3e32fbbde5c406af63bc43ea302504ab67d04ca,5986449968
1249,1705614300,2024-01-18,462,iUSD,1704689129,0b6d4094acb71999783c5f632377b48f9df9fc9e2d90e0fda2fdbdec,3498952770
1250,1705614300,2024-01-18,462,iUSD,1700271623,3cd4e0a1ef398a95359b11785b477a8505b46c2444bb6acc08a2ecd4,16002114119
1251,1705614300,2024-01-18,462,iUSD,1686590290,4482822ba84d47736ecfc0a9647e3d1f6114b32f6bc944ceb6c67b13,555206972
1252,1705614300,2024-01-18,462,iUSD,1686664102,8d936446136ef1c56b2be4d5a4f98e6fa1012788406a466f9b713fd0,4496550366
1253,1705614300,2024-01-18,462,iUSD,1681487914,338f6ad73e0886541751486f71ceb084279c1ef0babe1ca9a2d58687,20401238711
1254,1705614300,2024-01-18,462,iUSD,1688425151,fa9b92b3f0c4a0a756c6d39c8e7015bdb593ca4c4e3f051b10d5eaa5,14179277201
1255,1705614300,2024-01-18,462,iUSD,1687031828,19b46b0b16bbbc3a6f7b67ddd2a5e21dbe1b3b232a9e02109c20350f,26753995394
1256,1705614300,2024-01-18,462,iUSD,1704891030,57e353299dc689c7b021c9252c7d0650f362b3877a2e659340efc70a,538850182
1257,1705614300,2024-01-18,462,iUSD,1675526769,508757f097d3f23cb9e51cc9d35a550b2f2f9bedea6326229950647f,1322376525
1258,1705614300,2024-01-18,462,iUSD,1702262478,133fa5009fd6d251f24e0e45ecdd7667dd832619f86ececb920451e3,19750752861
1259,1705614300,2024-01-18,462,iUSD,1702087172,2a9f1bd42a3c77c2f95d5a18853f3c4a0c351603da536445676f5d59,49837624445
1260,1705614300,2024-01-18,462,iUSD,1702195824,d38b26fb9b460883ad49b8be8efae6a39413a4cf65ca3a84b6a14f65,103059589366
1261,1705614300,2024-01-18,462,iUSD,1670584574,a13cf52d79177a8df19463e96c2d0629cb8affd4c658c60f7c618597,31000030301
1262,1705614300,2024-01-18,462,iUSD,1704984980,0dd8b3fc7b649df14a82a233fdf32bfc319301bd66deb6140a399bb8,7218693372
1263,1705614300,2024-01-18,462,iUSD,1698402165,c4c7f08e62925913cee695ca1e4b8873dd5fbb5e1d98c1aea75229db,58321597514
1264,1705614300,2024-01-18,462,iUSD,1704985513,5147a22cb10d6aaaabdb6910f059242c342290e9dd7d89e6d3590bcc,308659417
1265,1705614300,2024-01-18,462,iUSD,1698612038,ff4e6cc91020c6ad61ff68539975bb69bd5ff9335df271008b6fd207,13526513300
1266,1705614300,2024-01-18,462,iUSD,1694147602,06126a123250e0920b44678709da9d6d06d9edca5ecc7c532ac49aad,36651691499
1267,1705614300,2024-01-18,462,iUSD,1704746075,c04f6455ba04aaccbf1ef435daba7cd9f5db961560497ea0d5e0ace4,132108576
1268,1705614300,2024-01-18,462,iUSD,1692641383,e334c9ac9cc8a7f379b6bbd5228bcc12af9b3677a88608f176f592cd,128550749
1269,1705614300,2024-01-18,462,iUSD,1700237731,7c205935db47e3274fd8f9fd9e8cf846b1291faef6430e9339de1347,38004854100
1270,1705614300,2024-01-18,462,iUSD,1703561905,8a116fd370e6f96a9c008b885423555af7b57a39644593768bd24ec9,176483037
1271,1705614300,2024-01-18,462,iUSD,1687179573,04b2d0d78cb7211ad2f3f155d56973076eb41dbe51040db046525ecf,107575840870
1272,1705614300,2024-01-18,462,iUSD,1697154105,c8d94edd54ac158df872778b972b3d9f230b77294e9688e7fa3d3302,13822013044
1273,1705614300,2024-01-18,462,iUSD,1688548931,03957962e6d6b35f0c6198ab2869a543a2b940ced3c2ef5c1b067297,5251217582
1274,1705614300,2024-01-18,462,iUSD,1700342312,ab5e46b2b4ca103fa311c1b05e36350fca00c4c32c8f02c0b2ab1808,89544367646
1275,1705614300,2024-01-18,462,iUSD,1677747358,690b0a92962d8e5940212f11e4e414db2a6a773f06923adaa063bf7a,169788704062
1276,1705614300,2024-01-18,462,iUSD,1705002779,91961373c20810967a8803589c7f8b8e519d8fe179ee4c90dce47af1,3577504
1277,1705614300,2024-01-18,462,iUSD,1681928994,3d1a58cebecdb0438ecfca3282dae61aa698c1e04023c0901802aa07,13987721702
1278,1705614300,2024-01-18,462,iUSD,1687536221,8f72847f16ec95a2ea2a9c6a914ac2d2e45524e7f7665e17c664c32c,67355147705
1279,1705614300,2024-01-18,462,iUSD,1688190920,cdfe95c99540a11b593c69e1426a76245c3d76ed3b905a09aa8d011a,14265441311
1280,1705614300,2024-01-18,462,iUSD,1687434639,ba37698916d66971b377b10f0c6a0f267b7d7b0db565d3a27267c2b8,5582009520
1281,1705614300,2024-01-18,462,iUSD,1704836223,5c9eb40e8f012c43c33e89b18ca0020d5f7bdf74b08922bb3463b2bc,514802
1282,1705614300,2024-01-18,462,iUSD,1670216298,5375703a1815206253bce83d4c52cc18b6571def1bedf6c257575293,46981484793
1283,1705614300,2024-01-18,462,iUSD,1700249008,59c6bcdb95fec32d4657658a4c2b85d35d4b08fe932480b4e2b85a22,2644082332
1284,1705614300,2024-01-18,462,iUSD,1705018435,dd37137c9da4da78e2b45301a62c9b42b9f201be4082d5c71531b926,1016166939
1285,1705614300,2024-01-18,462,iUSD,1689305794,079a22b7bbec3302d9294545f49453f016b7ff5d22a728431ba05ded,12346692972
1286,1705614300,2024-01-18,462,iUSD,1690770018,004bf5f83e7a21b3955d26b5d1c5b0384fdb1b04c4f86ab83bd380e0,8158357127
1287,1705614300,2024-01-18,462,iUSD,1701307273,2af7ac91a39bd31d2af45a0339de7fd54c803034e0c6a6ef31d9a6d6,542978014
1288,1705614300,2024-01-18,462,iUSD,1685370809,c7844a7008ebbd1b2d88d0897769094aca05b7146c3e54cb92182efd,2696003973
1289,1705614300,2024-01-18,462,iUSD,1702444143,e33e0545052a1f9575c1e6f303380e932387671fba477f9156f62994,17206964705
1290,1705614300,2024-01-18,462,iUSD,1702483798,bd17b7753685faf2706cfa2863e46a98090ccf7f02e1a2f640f9ac4b,569049656
1291,1705614300,2024-01-18,462,iUSD,1705053421,1c17a2b47f85fbfb39d92c74636c3febf1c4171c923fcb69f1d9cc15,62954754282
1292,1705614300,2024-01-18,462,iUSD,1698976048,970a0459a27ca26d10bed7676cf78fddca4c017877f5973a948a97f4,23416257
1293,1705614300,2024-01-18,462,iUSD,1670503482,cb1f173c0e4e3624f51a0b1c2706174478d1cda344a04a9fb9224b1c,19874023721
1294,1705614300,2024-01-18,462,iUSD,1696514532,d0ec8085d919d5923b24bc9f6ec992581a58fcca9e552c5a65ba6699,10235104479
1295,1705614300,2024-01-18,462,iUSD,1690599379,80cd4da4e55a97f5c7f7e66de2162101e9725b2aa44aff4e6a4e1e33,30189945270
1296,1705614300,2024-01-18,462,iUSD,1705062660,4d2579296ff6eed8733d6522bdab8c9ea0c424914f2adc9e6159383d,387342277
1297,1705614300,2024-01-18,462,iUSD,1701517353,71b1344b68a363aa89fb5a261b3390d4739a2e263dc0e636214c6b0f,2496853733
1298,1705614300,2024-01-18,462,iUSD,1698656983,1be7677761b8b57ac596e6eea4b189c82347c81a16883994ecab3bd1,4580844798
1299,1705614300,2024-01-18,462,iUSD,1675810711,35fc0d9a0b03f48768465620b16a3d5902a30dab99d4a7d2c08add5c,19037535629
1300,1705614300,2024-01-18,462,iUSD,1702064953,87e1caeaf37c5591c3619675cdb9430d22ad0cc4d4f20640ff9f35dc,6839841245
1301,1705614300,2024-01-18,462,iUSD,1702437407,beceda33276bbf86a7a2d00d24d5cf56be8f828b5d6698c1a677c67a,12766766618
1302,1705614300,2024-01-18,462,iUSD,1686791524,15f8cfb4da9cb42c4d6e84279d1b38591c14757ffdc34c84d1bcf18d,1551529693
1303,1705614300,2024-01-18,462,iUSD,1705091719,355a53223f0f2eb72e8b8b0f562a6b3cc8034d5d507580fe4f7204dc,29775963077
1304,1705614300,2024-01-18,462,iUSD,1685740416,3fbdca8a85a77bb7448f2aed7fc255737afce334c27beb34abea0f98,4607425705
1305,1705614300,2024-01-18,462,iUSD,1695747040,bd30ea6190963a733df8cbcd7c4685011e47309ea6ac059adc61897b,36913931444
1306,1705614300,2024-01-18,462,iUSD,1682196530,2fbdf41fac86b8215049143086655832bbab1c197f3768f20cd72cc6,56393031
1307,1705614300,2024-01-18,462,iUSD,1702837036,cd8ad5ca195f6a4544a78e23074dee387a656cca96fe6d5424bc9a47,2918231248
1308,1705614300,2024-01-18,462,iUSD,1682199821,ccc25cc3789dafa8d0fd76d139cf2380bd9f2f422559672e22ce5604,20028174
1309,1705614300,2024-01-18,462,iUSD,1682200904,8a4c3daa12883c0f1497bc247769e75a9780ccf05e91a12ff2817052,19827891
1310,1705614300,2024-01-18,462,iUSD,1686387206,a7793000be35ab0dd64570208d714684e292588d3067948d9cab4b62,9488365861
1311,1705614300,2024-01-18,462,iUSD,1705118210,f28c3220c1ae8fc4846b5a19a3f967b01d23baf00eceb0a1d20798a4,3799999999
1312,1705614300,2024-01-18,462,iUSD,1702132597,1b99baff37f78cb05032d29923df20a494564fec68842dd49b314905,12091473639
1313,1705614300,2024-01-18,462,iUSD,1696789759,384e4f4c87a5bd3dd8d09c1a1c6338326c83a6a2269c1c184402d6f2,61644255374
1314,1705614300,2024-01-18,462,iUSD,1683649845,b01f0c44e67df1b4b6554d0e86a6b3d2529cdabb099bb8cba9af32f9,36378187755
1315,1705614300,2024-01-18,462,iUSD,1701614922,806d6ac61c29a98717aa5da5efd5ebdd36e091e7d779766de7a92f7f,20771760128
1316,1705614300,2024-01-18,462,iUSD,1675011660,ac2046ccb667a00d612e1d217598538ff8534c61a606aa5cea610b0e,2725154645
1317,1705614300,2024-01-18,462,iUSD,1686411957,f9923c442169c78c8497d522bc88de59231aa0f68a45a7d70432fcf7,568219235
1318,1705614300,2024-01-18,462,iUSD,1699539950,d40548f127f99c554828fe5f75cc2dfa9af7bb2ab763cb47e12a825c,21079095079
1319,1705614300,2024-01-18,462,iUSD,1703996518,196cd16600e1cf697fc00346965778a2d6ec27923846cde76851ae6e,9787789636
1320,1705614300,2024-01-18,462,iUSD,1705177823,bdf1d28ce3e07faaa8f4a8ee07a1e44a36d354bd795bc291602afc75,2570116815
1321,1705614300,2024-01-18,462,iUSD,1704855907,dfbe01499d5dfee180687db9092d974e008e75f60a9916db901d091f,2068772657
1322,1705614300,2024-01-18,462,iUSD,1704687310,08dd8cfae6129a74aee58412ab9e616c09097e686ac98a4af8080588,55111600
1323,1705614300,2024-01-18,462,iUSD,1702523061,4b781a8a3b8a4b966aa4ce9aaf9287dec934c32e656807da2825492a,46717834753
1324,1705614300,2024-01-18,462,iUSD,1697947350,5dd980e75c38dc7af3dbb6d1d1f023b6b2c47e0fc11d7614b8c6144a,244093821
1325,1705614300,2024-01-18,462,iUSD,1687818042,bc12846dfe29fb17207d6e11b98fdda7201679227d46d744de5574e8,478938215
1326,1705614300,2024-01-18,462,iUSD,1702201044,f6f4381664083197aade59849d7d90493799c00ac314bd28eb6a1096,4603867933
1327,1705614300,2024-01-18,462,iUSD,1686494187,3b8deaefd44267932f302932ae4e7bf60479ab503133a93330c58929,33186
1328,1705614300,2024-01-18,462,iUSD,1686778361,8e253a76b29eb45b7574793772261b6bcfb20df13aa0a71708db9025,5999234560
1329,1705614300,2024-01-18,462,iUSD,1680450543,10b776dcc1840a0606e0cad33d6641d643d7e13ace69c9646edf99dd,9576483224
1330,1705614300,2024-01-18,462,iUSD,1687353831,abd768ffa460e4578bd7a72296552532e2e463ac8727396b752aeef9,1774983195
1331,1705614300,2024-01-18,462,iUSD,1673629483,a843952052121af4fbe1030d1f04efc1e600e34c01c56f48ac6c7dda,437482499
1332,1705614300,2024-01-18,462,iUSD,1700127232,bdd04d1556428408b8b1b2b6b95f97bd7a8e4477f1e7d488be45f875,5892212413
1333,1705614300,2024-01-18,462,iUSD,1688220394,9bd3f69b4c63d599fdad5b151e8ea20bb61a05995cba211562730ec5,5014636001
1334,1705614300,2024-01-18,462,iUSD,1703620635,fcf7c612df9c7d2d6df8723d4b9ee558c3398a75b43c329f73539bdb,176000000
1335,1705614300,2024-01-18,462,iUSD,1705254346,7b2c3d7b795d7cb692b32fe35662bf0c1dc7844185e2af3ee0b3a7eb,100025236
1336,1705614300,2024-01-18,462,iUSD,1700010624,a9ebddec029cc2c29d6d041ac7687f1c123ac135cf258ebcf4775159,26507061338
1337,1705614300,2024-01-18,462,iUSD,1686996293,311581cc43e3438d6a4ab9010493ac484e2c6fbc602bc9a974b28905,59822361237
1338,1705614300,2024-01-18,462,iUSD,1687856832,8351381f3d57006ab1ad26a61f27eb351978dfb81900f26c6c09ae9c,203183143589
1339,1705614300,2024-01-18,462,iUSD,1705261256,e2c8456cd410713cd832385945cf242ade66c142fc30b0da10c9f71c,1780352612
1340,1705614300,2024-01-18,462,iUSD,1701652354,ca73366cc77393b7ace05f01c90aad5484584e6376b1d4a6d493ccbf,4255215982
1341,1705614300,2024-01-18,462,iUSD,1705267207,cc5d26611f038e50b4f5c174d83c07d8ec7c2f2d557a95800b32e060,1766192668
1342,1705614300,2024-01-18,462,iUSD,1680355208,ccc6065bab9183933462a4acb0bcea38368806fd4e7435a4e76d3624,4531385260
1343,1705614300,2024-01-18,462,iUSD,1705281017,2d25a2947e8ff41bf7a1eaa5e440a456a9b90ce3a2c7f8079d64daac,98744735
1344,1705614300,2024-01-18,462,iUSD,1705295414,e2318b9875e7ff8a464f76ca6dbb12f703f442ff750cb63e656bcd18,100000000
1345,1705614300,2024-01-18,462,iUSD,1699731088,cab0a9cb9be1d81395c6432c9579b4010fd747fc882236c4a746c1e4,77764790
1346,1705614300,2024-01-18,462,iUSD,1672995884,8732d6ae48c07b2694e9918fcdfff84e0995b165d4615c32fc76a978,7765599671
1347,1705614300,2024-01-18,462,iUSD,1684870779,69cc71ae506283df9ddbc57cdbf9a22e090ac05fcb9ba3d1c88445b6,804121268
1348,1705614300,2024-01-18,462,iUSD,1705309032,4deda5524e30063c17b978642ba4fc6cb51c35f0941f007ee2ef4350,7054287758
1349,1705614300,2024-01-18,462,iUSD,1700080902,a90c9789e1cc4e2b2b3f0623af62cf6c143918214776980f29b12d12,719966742
1350,1705614300,2024-01-18,462,iUSD,1686918065,96623e8c15842d11060747474564901af30f1cc64ecceafcd118ae8f,4076963039
1351,1705614300,2024-01-18,462,iUSD,1699838064,2bf19e5ce4f0086dad389475d508a89c11155297aa2eb2333479e0c4,55000000
1352,1705614300,2024-01-18,462,iUSD,1694714644,320e55778975e8adfa8f6c4f7122ce55e42352035ab0ce806652566c,340998802
1353,1705614300,2024-01-18,462,iUSD,1698065921,d69cd83114d4b8b00aecf4a023b0d55006923898ae4267328b8ef5e9,773046340
1354,1705614300,2024-01-18,462,iUSD,1698956047,ef9efef8728d54bf24063b5537757e982a21e3f83f62eef138dbcdae,423874344
1355,1705614300,2024-01-18,462,iUSD,1686939508,6f55a9d74db68134d952107df81bfffdec92fed808885f29e3ab39b1,60000000
1356,1705614300,2024-01-18,462,iUSD,1705344824,98e30e1c6dbb727dc98bdcb48b99b313c97fabfb537ff4b29a94ed1c,2000000000
1357,1705614300,2024-01-18,462,iUSD,1703373366,1d51ddeeed19f4b9ea5580dadec3f4d2b3faffaf9733c0ea48e7e51b,338982592512
1358,1705614300,2024-01-18,462,iUSD,1697237049,fb3ff81c860fdb7fe4ac1c77e05c94d7a2a68b070e6ed6c32139287d,11278212887
1359,1705614300,2024-01-18,462,iUSD,1705349391,6c404eff26a9e76fab685f6d237fd0da268dcaa9cc7fc9bcebf0279b,4937572496
1360,1705614300,2024-01-18,462,iUSD,1699825512,687653ac9ebf1ad73d6b6fe9dff1cfea8a863ea63ceea35d614da592,7637015563
1361,1705614300,2024-01-18,462,iUSD,1677508102,20e6fbd5dc1f0edd267fd7d81a4ee11caa622a2d9f0bf88f98bdec4f,15536128258
1362,1705614300,2024-01-18,462,iUSD,1680385092,dddc26bc5c16b1fdccc13e72abfc5bbab373d7ceb98132fe51b39e33,22113255552
1363,1705614300,2024-01-18,462,iUSD,1692385628,058a5ab0c66647dcce82d7244f80bfea41ba76c7c9ccaf86a41b00fe,1001808342
1364,1705614300,2024-01-18,462,iUSD,1700932732,09ece0330525bced6552a9bfcd81f1d357118dfd74af85e432df2c39,8179985628
1365,1705614300,2024-01-18,462,iUSD,1703872718,1f7ef72a78f62a79c1da3a18d329c04f89399d8378728f8f6f428916,2512182794
1366,1705614300,2024-01-18,462,iUSD,1705366544,0e6cdb5fa7bf493d9ed69f78d665fce1444b9ab01581708f065883a8,30337626294
1367,1705614300,2024-01-18,462,iUSD,1699278981,2163b7d9194c303bda4cb86ffb66348a84c41cf34afc9bf567750aa4,664444143520
1368,1705614300,2024-01-18,462,iUSD,1669786728,d683ff7b8b7ec25d210d61d015c0aa66c0befccaa031851d067af87b,1163242528
1369,1705614300,2024-01-18,462,iUSD,1700403159,5a43b4b466d395205dc2ba0bbbbac053bf4a45f39ed576a920c7f11d,14591049801
1370,1705614300,2024-01-18,462,iUSD,1669189015,ac293f8851bccc597d9f23b7b76bb9afca7bf65e42c93fd9e51ebadb,5957207816
1371,1705614300,2024-01-18,462,iUSD,1705391820,269177a0be46e0dace7e256f7fe1d5506f1e03dce95e74e104ce136e,10001443150
1372,1705614300,2024-01-18,462,iUSD,1697221352,38be5b1351327d1d068f46803ae425be1d112bc310c268374142d698,4148602895
1373,1705614300,2024-01-18,462,iUSD,1700474941,07d6f1b8751e7aff770a973c01943bb18fd22d54e0b6bade1bc4c7ad,34993394878
1374,1705614300,2024-01-18,462,iUSD,1705401331,2a8f72452e663bb59bfb77272eec0b72556f3f3b7a4de91d4cfebd54,5000000000
1375,1705614300,2024-01-18,462,iUSD,1702604620,e2842bcfcb33618f0da68b8f33200572c22a2fc4b7cbabb7702f1b2e,61261595704
1376,1705614300,2024-01-18,462,iUSD,1673455494,ff935aa9517ed6dbb666d91a00c0172972ac4f6de32420c025a23e37,854949335431
1377,1705614300,2024-01-18,462,iUSD,1684238103,c8af7ec346eb1242adaeebd3ad327b140d37d084dc75a3e026ce4b39,361457284
1378,1705614300,2024-01-18,462,iUSD,1697815963,bec94b5753e45e7ee8e232d0e7e958accd120f1135b56c9ce75a32cc,75918167525
1379,1705614300,2024-01-18,462,iUSD,1686944337,477246487885da2080ac3ba82751d27a45e14f90175f8f358547939e,35978626905
1380,1705614300,2024-01-18,462,iUSD,1685566629,5549e47cc751bd3ea39c302038ed15de03593797992f85d62ec3588b,60000000000
1381,1705614300,2024-01-18,462,iUSD,1704805299,98eba81335474b1d71b7cc31af2760dbec12b6a4f1c60ab49434c202,128111794604
1382,1705614300,2024-01-18,462,iUSD,1703638988,29bcf512e47ff0d6601be874caec5c1c8d402a24091768f001cf8de4,199673075163
1383,1705614300,2024-01-18,462,iUSD,1702529792,d1882ca554874870c770e72a9c9c1367e26c4e8bdb161829f8273c42,16327898619
1384,1705614300,2024-01-18,462,iUSD,1674330375,fa9c7e0beaad372083bafd39c7cef554824a1e9eb21556676864ab7e,122560279636
1385,1705614300,2024-01-18,462,iUSD,1698980630,bb32c423f9a82af12f10a7ddfbb3e06a6160ad5b75827a14c2975eb5,5665217287
1386,1705614300,2024-01-18,462,iUSD,1669905662,72a5906a5f5265ec69132dccdf9ca9575c707ae00afa2c04edff9420,863847326
1387,1705614300,2024-01-18,462,iUSD,1705513089,e2aabff62b120a30cfc75a0e07e27ed70cd979185792af3b6d45e300,46980044
1388,1705614300,2024-01-18,462,iUSD,1705349461,640df580c2b0abbadb8d24c12d28beed5a208f3198fbb162dd0077c3,975944068
1389,1705614300,2024-01-18,462,iUSD,1699081169,b6c8fe09bf3e01359bb5e52c84ff99fc767338874c39af9ae0a6ff61,2916313839
1390,1705614300,2024-01-18,462,iUSD,1691858527,6aa8471da93aeb4bea5c68f4fc59a449537af1485b0ec34e1e3e3239,9277746
1391,1705614300,2024-01-18,462,iUSD,1705532874,5d4b6101ac81b422f8f05c5b436b618eac9f0eb74dbf3d7c42cc89a0,605862674
1392,1705614300,2024-01-18,462,iUSD,1693396120,b1f361d9b52c1685ae487c85a5e85581681b7955a1690aaf8f8f859e,1587252
1393,1705614300,2024-01-18,462,iUSD,1684731715,bee0a1dd013242217879e8ef07ef28d22dad8ef7022d14f2353109d2,24916335318
1394,1705614300,2024-01-18,462,iUSD,1681262798,824f1b5399d6885e6330925fcba1472da21731a3d9f33802dd308f7f,1601053868
1395,1705614300,2024-01-18,462,iUSD,1670088103,a2b3fc71aa466e489bef35c30ca8b4a9388f701ab0cd73c9c81a5409,33120624311
1396,1705614300,2024-01-18,462,iUSD,1699512404,21d534dccd2ce54841a2cb10d792c675bd80cbb4bc70f8e66cb0fdc9,7214833548
1397,1705614300,2024-01-18,462,iUSD,1670473508,e30a204b11986043cac4fca3022600e309ad1bd06963affb22fcf3a5,15991096075
1398,1705614300,2024-01-18,462,iUSD,1695721398,07be0c021a1d4a26ad6e2761767b186961d184259a365cda60002925,14635112935
1399,1705614300,2024-01-18,462,iUSD,1700956097,01cefc4ac7b65ac3fddbaedc169b071ab04fcf6f5ab009ff125768c4,2803751718
1400,1705614300,2024-01-18,462,iUSD,1687622901,00023775abacb7c31af161e5d0faebd84067299748396171df0a4143,4394510801
1401,1705614300,2024-01-18,462,iUSD,1700780226,80ac8f4e98317f8d057ea886be5b749bee2febd6a4252935b38d8e74,38387803285
1402,1705614300,2024-01-18,462,iUSD,1670097535,fd604bfce2089228bb84742efa2a90ad7f678753149f4949b376143f,80203944155
1403,1705614300,2024-01-18,462,iUSD,1705577611,1461be622db90437738cfde8d3e7b16ed80f10fdebfb16d6a5b2408c,14757501823
1404,1705614300,2024-01-18,462,iUSD,1670422607,e59513fe36ef7f5a94ef7c7dde91d74f3d7a1e30d34fbdf00fb1ff51,19595158050
1405,1705614300,2024-01-18,462,iUSD,1700328441,8077fac34aefc0f232a6b6fea2d6c75fa899ebeca2a6ba357b216d82,2091650752
1406,1705614300,2024-01-18,462,iUSD,1678785930,946c74a18ccd97a6cdb64318cb3374ab72e83c616d30d604e1cb8d20,320126846439
1407,1705614300,2024-01-18,462,iUSD,1702408720,3fe2da0a58313a00700d572571abe372131e5d714bba103135cfb2f0,17144835573
1408,1705614300,2024-01-18,462,iUSD,1686407143,356aa4fa03e001aafa876b3eff7ed8f2abd9bc2cb3533de1432ebd07,6500000000
1409,1705614300,2024-01-18,462,iUSD,1705460421,c8adad32dc5ffb78573d2190736b278722ceebdeb69607e58b857c10,10458571921
1410,1705614300,2024-01-18,462,iUSD,1702309869,d71d2c73bf46e63af6cc3573fbc0c677840418453c6920b0b39d1d64,605692968
1411,1705614300,2024-01-18,462,iUSD,1702310543,26e78ce37e00827ccd46cc9f6affef685479c8a113545c7cd97effd8,560417713
1412,1705614300,2024-01-18,462,iUSD,1686380797,ecf1cb14a49abe481c4930be126426df3a7468257a129575cd49b41b,4183980186
1413,1705614300,2024-01-18,462,iUSD,1698721821,400971fca902503711f9c1027fc1cb42ed80d5f4ead9e9b0685ae665,4590369331
1414,1705614300,2024-01-18,462,iUSD,1670838834,d7346fcd395de69e62f4a2bafbc32af393ceecb3287b0ff4442ff36e,3574631561
1415,1705614300,2024-01-18,462,iUSD,1705594566,7ecddaa9f0f5424987205e838d58914b4e2f26a7b1dc2b6d9d9a2dd3,1524172361
1416,1705614300,2024-01-18,462,iUSD,1686752478,134772ad86746619dd39c1bcfd82c5cbec2872f3fbbae1c289e2c7c4,82107655207
1417,1705614300,2024-01-18,462,iUSD,1689197943,59e2aba1fb0abc61bee1f5f9a772d1681b69dc9b39c50831fd2fa80e,57315365245
1418,1705614300,2024-01-18,462,iUSD,1687375649,47893efd2d27dd035f8005af5b18cb452af194e3f61b19c57fee1c51,28062637500
1419,1705614300,2024-01-18,462,iUSD,1703141190,0b7926c0a5b15b5757341fed041e13273538c4c3eaf8cef94c988730,75503110507
1420,1705614300,2024-01-18,462,iUSD,1705602944,1963b5ab6f769a71f6412e6f588f7c8df6115389be4c34dff456b529,5228586054
1421,1705614300,2024-01-18,462,iUSD,1687441360,718607c6f9f1e8594a276ef720e9700b9a3c8ef74994c63ea81a8a48,62305353003
1422,1705614300,2024-01-18,462,iUSD,1674636879,23a833160c3d6a9c09c95cae9035dacdb5be88b00fd1c34ca6399bd7,11456305870
1423,1705614300,2024-01-18,462,iUSD,1704285782,15b1c955c67f473e448f7a4cd7bc5ffeff8d8bf29a3ab67677b28166,19904730344
1424,1705614300,2024-01-18,462,iUSD,1687380124,bd0e265030bc20473b5439118a11afdfcd1f68b726312d2f0878a695,6786040082
1425,1705614300,2024-01-18,462,iUSD,1704286122,4cdab7ea3cade7fb97f1439fe55d27d1a460b4e62b8a092cf72fd94f,10809371794
1426,1705614300,2024-01-18,462,iUSD,1674940978,e292dc90457553865ecf16f586d72185fe4ef1afb2dc708f7099e4dd,4104284755
1427,1705614300,2024-01-18,462,iUSD,1704354596,1c83a034d92988fdae53b3d067eecf70e5b3c5ac1e5a60277009ad14,660875991
1428,1705614300,2024-01-18,462,iUSD,1689281951,bf97ad99b5269c15e3726290f95f0fc0ec8dbada31183778548d9da0,78615098888
1429,1705614300,2024-01-18,462,iUSD,1686216839,a485b6436c9f49a331655fa1574405c3e9bb1ead65e84b91f28fe826,212753889203
1430,1705614300,2024-01-18,462,iUSD,1692394435,152a6505f54a619ab12dd37022a00aae01bd5c8348c84cf0f16463b5,104445380067
1431,1705614300,2024-01-18,462,iUSD,1686557079,299eca15c1fa5d35980dc122ac3799ee69dfb47b6e92dbb4106487b6,28990639031
1432,1705614300,2024-01-18,462,iBTC,1669076036,94e8a4d1c409af5498095aafa61edb23fdbd9714f45d104cbe148425,2469
1433,1705614300,2024-01-18,462,iBTC,1669757674,4652c04766dfb925145dd332a511ae47fc2404afe0bebeee3627a71a,93
1434,1705614300,2024-01-18,462,iBTC,1669970656,b116a13787a0e3908128fb3d218193ebbe31f14bb1564e3b17e56474,69
1435,1705614300,2024-01-18,462,iBTC,1670128397,f8dc2687e7efb9814a0258337bbead8dbcf6dac7a0237e3b600f404d,568
1436,1705614300,2024-01-18,462,iBTC,1669592520,2774b527cc66118eeb772ca5553089dc2f9d0a675d5d4bb0615afa56,2
1437,1705614300,2024-01-18,462,iBTC,1670373065,2ce68896a2812bcceaeea3837e33e4d24b1c88151c1a0b6cd02b182d,1157
1438,1705614300,2024-01-18,462,iBTC,1670500197,559d23a5db8f1b809ba9b48e7504582c96af34f68495f3ed51b2cce5,2501
1439,1705614300,2024-01-18,462,iBTC,1670782200,625a80682693f31e617ecbd92d269d226fd5ebd2f8584ef00577a658,448
1440,1705614300,2024-01-18,462,iBTC,1671129676,baeeed00be50eeef2fc6f4089780abd4fc3cc461052fe8f271fd93b4,700
1441,1705614300,2024-01-18,462,iBTC,1670275392,f1edb36c4546c43d547ef1568ab271ca79841977d8816f6f85cffd09,1
1442,1705614300,2024-01-18,462,iBTC,1669605365,2797b6e8e72817175772048734122bdfb686c41776318690f1cc5f79,1
1443,1705614300,2024-01-18,462,iBTC,1673180609,d522cfaab057a5a8aed4e83723ae0fa5150f007e009aab2e77659701,13
1444,1705614300,2024-01-18,462,iBTC,1675794830,903d332a30ff8a7beb13268a99e2fdd35e8a7f20368edda4416158e3,10121
1445,1705614300,2024-01-18,462,iBTC,1676010128,2e1573f020d7dc42fb1befd459287f0e620fb799cee111e43c50d676,1196
1446,1705614300,2024-01-18,462,iBTC,1677014765,12f5110ed7d627702788e4e38eaee59c8a22b5df19ed9ec664a82738,573
1447,1705614300,2024-01-18,462,iBTC,1671466675,fd604bfce2089228bb84742efa2a90ad7f678753149f4949b376143f,8
1448,1705614300,2024-01-18,462,iBTC,1677954124,435ac6984516a80bf6a9e7d16ba8431add7b4f44083131ab8dce0097,4263
1449,1705614300,2024-01-18,462,iBTC,1669044731,df3ed3c34530edc62131484128ad73c4a256a8974d6a52ec845b64ed,766
1450,1705614300,2024-01-18,462,iBTC,1678564687,41c36d3ddc84ef66b56f1a8ad1bd87779262caeab0b0ec2ba129dbbc,19653
1451,1705614300,2024-01-18,462,iBTC,1679653033,f18f251f8eddc1825371c53d9fdd05d62aad37584a7b0f9e72cb0d5a,1759
1452,1705614300,2024-01-18,462,iBTC,1680544357,270a564190936d5e6199cd157798a1d802e05b5c4d69a756d02a4024,215
1453,1705614300,2024-01-18,462,iBTC,1680642314,1bf3be13ff8e559f0aa594266d0cd164be15cd0fd1252943d97e1edb,24
1454,1705614300,2024-01-18,462,iBTC,1680841499,c7a34f1bdd69aee0196ba58d21999dd00a349820247b24041201649c,1197
1455,1705614300,2024-01-18,462,iBTC,1678834416,4e5426811df99e191ae0bc3eca64836e561a07d1623b16f94828240b,9
1456,1705614300,2024-01-18,462,iBTC,1681665074,d8432e121bd1d5bc137bcaecbece07f1793c31be59f83b18324c5606,1
1457,1705614300,2024-01-18,462,iBTC,1682654438,38182d9874dbabb161ffff5e21c81a58b8134ff7f34f2407903dba6c,352
1458,1705614300,2024-01-18,462,iBTC,1682708649,77dbc24ca98002157cc36a53b2f84c3080d85cf1946c83fb47d6d86e,38
1459,1705614300,2024-01-18,462,iBTC,1679263083,e292dc90457553865ecf16f586d72185fe4ef1afb2dc708f7099e4dd,3
1460,1705614300,2024-01-18,462,iBTC,1683210977,222c33a3ddf56799694bb262eec3e8eea2b543200dc8c19cb05e91af,97
1461,1705614300,2024-01-18,462,iBTC,1683500092,4bc68e944b110d752d552bd07df288e2a21102e7fcb8f66bf0fa6b03,1380
1462,1705614300,2024-01-18,462,iBTC,1684103790,24be347acbb7713ebcd0f5b2b131f5d6ec0b9d48f4f142a0da648760,95
1463,1705614300,2024-01-18,462,iBTC,1684302495,1e55b5dd30127909ce59b07ec00664030565822c232536f659139900,1954
1464,1705614300,2024-01-18,462,iBTC,1684379647,85efbfc96dbff3982879b8689ec1c4755ea8e4b64281d1ac19a855f2,182
1465,1705614300,2024-01-18,462,iBTC,1685056993,5c3d04a6fd9ff6f0ec72ef6f5213b307db3910cdec68ed15fab76aa7,1298
1466,1705614300,2024-01-18,462,iBTC,1685836627,9db8dbdfc35cd01248d7ef8b323d76a072cc6ccec45aca38ddd3f99c,26421
1467,1705614300,2024-01-18,462,iBTC,1675496855,db9b636e1b467ad9fa1c99c5820477f235d024c6079471192b750ce4,4
1468,1705614300,2024-01-18,462,iBTC,1686404274,01bb74d6a09834970c7e1cb6883cfaecbd3982e7fcc8d24116deaa84,217
1469,1705614300,2024-01-18,462,iBTC,1684818514,30f71e8f66d9f908f0a47173cccb4127341e557e9f3d9d60e0d60178,129703
1470,1705614300,2024-01-18,462,iBTC,1686465854,289cee24fb86dd5d5b6f02c8ca80397e03fa83c086d6e698e3ec330b,28
1471,1705614300,2024-01-18,462,iBTC,1671624711,31352abda9a60e8a89222a049834cdd603dcc4fa2f9f3dbfc0a0b25f,359
1472,1705614300,2024-01-18,462,iBTC,1680585630,73064ed9d446fe559dea6a5c0484f4c4876d91e1d7442109f6815770,26
1473,1705614300,2024-01-18,462,iBTC,1673582921,63b3889ebf65aba913b3ca44031d7b2c59b04b0727c3f2e67d52d034,4
1474,1705614300,2024-01-18,462,iBTC,1686766338,8b542601309e158b422074b4a53ec9aa0f09a0b50f58bce55a68b4a0,152
1475,1705614300,2024-01-18,462,iBTC,1670287755,7bfcb0b4a3974232c21fe4440a2befb5aff58093e9582c9d447c1e0d,2
1476,1705614300,2024-01-18,462,iBTC,1687145438,4385f6e1941b54b06ddfad16a7d19ee7f713d9f4fd7d3d9334b9b566,11
1477,1705614300,2024-01-18,462,iBTC,1686097867,11b4ac68cf0d110247dc7d2bc139c92fd7a21af0a798a913e06fecd1,4572
1478,1705614300,2024-01-18,462,iBTC,1687200479,ae17e9f63022e30bddc7f2c9189140dfdc434af23e26f37f75394229,770
1479,1705614300,2024-01-18,462,iBTC,1674132403,08abc365d15eb5a450ff8ed2a6207bfa3cb5a0df4ec1ddd0e6636026,1
1480,1705614300,2024-01-18,462,iBTC,1670021772,53313be7f4738a1ad1554126858d052f318ccbf66d88b5016e9155d5,40
1481,1705614300,2024-01-18,462,iBTC,1683635093,5f9483631a382320cd149d20a120f71c1f8c7030b72408f44fccd795,2
1482,1705614300,2024-01-18,462,iBTC,1670383559,243143a1edf725605b078e3660ccf3ef4811e54ce8d70b04ae15a4b0,601
1483,1705614300,2024-01-18,462,iBTC,1669188905,8ced098872686355fd3accc2329d595bf2ac9c6e7e981a8bc89d4540,4360
1484,1705614300,2024-01-18,462,iBTC,1686645813,6f860cd15e7d9a0fe71735b338fa4ad81e418ddaae95928bd2994fc1,228748
1485,1705614300,2024-01-18,462,iBTC,1687242868,4647b9163e069f291328c22c76051780a8e8616e00354aa8cbc5cf6e,1
1486,1705614300,2024-01-18,462,iBTC,1669994096,222afda7939e082f26e12d2ce9cf584b44538b31a60e2e1f3f333821,78
1487,1705614300,2024-01-18,462,iBTC,1670428677,71b03bb1f2db64f230e74c08d8bee62313660b1bf9649fbc28f690bc,6087
1488,1705614300,2024-01-18,462,iBTC,1671674983,96ea86b6481fa765de3718fae818186c426d848761d5e574b5d9078d,19240
1489,1705614300,2024-01-18,462,iBTC,1687674996,ad4c1b0b50a32c00b7798cc93a249f5702d7e23c91601657d52c56ad,9029
1490,1705614300,2024-01-18,462,iBTC,1687737843,1989462784de66a8e08b553e196bb609d62853586a741ce3abb34e13,8829
1491,1705614300,2024-01-18,462,iBTC,1683057954,4484d456440c1956679e21e1d66e924d649c00666227046c3f1c96f7,1
1492,1705614300,2024-01-18,462,iBTC,1683783759,53494b753f7670d751b575f6d4559aeb0d1a55e8e1b60a85e73e2df0,3712
1493,1705614300,2024-01-18,462,iBTC,1687956670,54305958538cfe7e957863cc9f844dd6eedb9a0e654df4405636a554,583
1494,1705614300,2024-01-18,462,iBTC,1688063607,5f7d1aba60a090039edbb0294ccb27d3617a8827396b292ee49dec9f,1812
1495,1705614300,2024-01-18,462,iBTC,1684546860,9ec26f63bfe50214282ef7ab89765bb7d647271ab7952de6815fbc19,537
1496,1705614300,2024-01-18,462,iBTC,1688074223,9430bd1b6d9bf6308dec0be93790ab927ac721606a76b52a7cf26ae6,1863
1497,1705614300,2024-01-18,462,iBTC,1688093109,92cc4d0251f53a24f5366fb898c1681fee4d41123eab48bca6293ba1,5734
1498,1705614300,2024-01-18,462,iBTC,1688162207,529828b5fb8e3347ffc11e615fead9d06250f5457c828595bba6d3ba,30174
1499,1705614300,2024-01-18,462,iBTC,1678923767,8bb9c1842b5df8a44359e65982adb4d2a7d0cb745a2b8488592e3d9f,2482
1500,1705614300,2024-01-18,462,iBTC,1686919521,06126a123250e0920b44678709da9d6d06d9edca5ecc7c532ac49aad,1
1501,1705614300,2024-01-18,462,iBTC,1687364547,a61e01183e93a2bd0cb1ee515fe8c652c33404cb1643c0bb5867cd63,377
1502,1705614300,2024-01-18,462,iBTC,1670874846,9bf780683ee09b92d00a465c519ef7febf74a26e6ff45fd9af96e496,9785
1503,1705614300,2024-01-18,462,iBTC,1685406213,d5783eeb99454513796d07833a55b33d041157aa2557f641d50b7f13,6
1504,1705614300,2024-01-18,462,iBTC,1669989695,ad122b9fa3ab86495712afd2a6f655430427c2cf21a54fd0c8fe8e63,6461
1505,1705614300,2024-01-18,462,iBTC,1688885723,5b57fb20f89e6a300ba3160a8339a32e0ea1751c776d874df2154527,163
1506,1705614300,2024-01-18,462,iBTC,1688903177,637d1f755c749370501adf2605aed6c5ecf198e037a12ed3bfc02f89,914
1507,1705614300,2024-01-18,462,iBTC,1685010870,5d4a3c04c9a3115bf18cc6a37a4388050eadb756253bedf452d8efa2,12389
1508,1705614300,2024-01-18,462,iBTC,1669943380,856d18a37ff1be2074f1904f3db9d2d45ea8badc88a3ff443836b97e,4329
1509,1705614300,2024-01-18,462,iBTC,1689266929,a33c563393379855e9b6f66e6830ceac659fac8982b06d4128b21722,321
1510,1705614300,2024-01-18,462,iBTC,1686711438,5d464f67736cef9286be8854cdd17fdceeca017d2b0bb56c76db64f2,13825
1511,1705614300,2024-01-18,462,iBTC,1670394246,63d62b85ce675ee25e9e0da4c846d9843afc136a494b52ccdc2e48e2,3
1512,1705614300,2024-01-18,462,iBTC,1682810195,5310a7c00c573d9400459ad061211250ce8c164a1b657d952003f32e,12133
1513,1705614300,2024-01-18,462,iBTC,1685592871,e2a3bc9f398b6f1efe80bf7a1293dfd4c04ea81867ff0a897cb5eacd,7494
1514,1705614300,2024-01-18,462,iBTC,1686796367,144a91af110e1f266e04a5fc28a41d897523570b8c8ca12724be3b64,2290
1515,1705614300,2024-01-18,462,iBTC,1688413898,5d1ae8825555ff8847263b4cad9c1fd8b9b7d6f788dddd71a34f23fe,1
1516,1705614300,2024-01-18,462,iBTC,1670887971,ecf6df3e564fb3214117ff1ba3fb4532e6d1f2fb80c0015027b291b8,57
1517,1705614300,2024-01-18,462,iBTC,1683295895,5277d320e4e981971f75599c3c15bc0abebbdb6aea9cbadccb16bff1,9216
1518,1705614300,2024-01-18,462,iBTC,1689996221,308ee07a2d9f4a8cb93dffdbfd031413b4e8f5e55218c099e6f131ea,16359
1519,1705614300,2024-01-18,462,iBTC,1670263368,451fe314c4e9a41bb5804455fb4057afc1cbf2b74cde2d3d737b3354,1
1520,1705614300,2024-01-18,462,iBTC,1690250161,ee5592e3bff712a914258c52f57873c0cfc73a7b2c25008fedbcdf9d,765
1521,1705614300,2024-01-18,462,iBTC,1690311306,a6c6b85a1faea3c830ff6410fa94503a0deff927429be8fea8ecfe1c,1248
1522,1705614300,2024-01-18,462,iBTC,1690450034,dc2f8d28b7b68eea544d5f052410ca6a34a5e6e811ef13496e156dda,3040
1523,1705614300,2024-01-18,462,iBTC,1676124076,7b0d6609ff14368ecd1a39d4d737292d2e348cb35801e0fea067f5ce,40946
1524,1705614300,2024-01-18,462,iBTC,1690485534,e9558a5fc36f0f9794e7810b3773d63556795a00e9aba9584532a2fa,68795
1525,1705614300,2024-01-18,462,iBTC,1688430609,ea79af332a33e08d0180ace4940a4bba5e9040ea76bf0f8a884279cd,1195
1526,1705614300,2024-01-18,462,iBTC,1690527035,42cad31cebab15afa9009d990b34374946246b0ffa50405d811ea6fb,4160
1527,1705614300,2024-01-18,462,iBTC,1671448202,38a6b071d8b300a0a8219cb49ae293024f466985a89f62d6188d0388,810
1528,1705614300,2024-01-18,462,iBTC,1690775439,694abb439fba197ce0ee7420e98cb6a8f1535069b1bd6e65cf3c3db1,5418
1529,1705614300,2024-01-18,462,iBTC,1688705652,a21ad32e6fdf1ed6d0ffdec01e71a481dc2b0c8ec0290f2ed9f227c1,71
1530,1705614300,2024-01-18,462,iBTC,1691013798,476b3ff004d654d9792905df08b6122ce7f0934776fd4cfe14619e1f,311
1531,1705614300,2024-01-18,462,iBTC,1673051925,43b8e3375ecf90169230d91ce92863d0b041ed4c8668cc87d17ea980,1029
1532,1705614300,2024-01-18,462,iBTC,1690843569,7dc85fe5487b335c2da93f88ece77f627227d835da86e4eb193312d4,1
1533,1705614300,2024-01-18,462,iBTC,1672881586,6c2c506ec04e624743404ae1688a4fc6f668de7ac6990612e26246d0,874
1534,1705614300,2024-01-18,462,iBTC,1684072942,bd2a3bc90f29b243b3034ce2db38942aac3e16c7ebe0016add056d53,381
1535,1705614300,2024-01-18,462,iBTC,1691344913,fa447f916a5a021053692ded933c27349eec25674d8d0cd7470f0125,92
1536,1705614300,2024-01-18,462,iBTC,1691506759,a6dbba290877e35a99d112108edf8c59364f9d06d0de28484b88d592,130
1537,1705614300,2024-01-18,462,iBTC,1691563766,79e3d59ab4a72ee17c3f6ee81f262aada5ba9f9c9293eb3b07363224,10067
1538,1705614300,2024-01-18,462,iBTC,1678697920,9b314b76487603dec62a43cfeea584dae73cd42e7f83871495974fdb,2109
1539,1705614300,2024-01-18,462,iBTC,1691867583,7a069e44ff96e9f9c7dd2097650124d542e88638fbcc67de7e168139,3113
1540,1705614300,2024-01-18,462,iBTC,1686737625,fd84357990c85741e74703ffc003798059eecfc6cd9ee37c98e93fd8,560
1541,1705614300,2024-01-18,462,iBTC,1688928127,627af63a775267b8a3f8fbed2a0f823e5e99d679522adec252f2c8ff,11508
1542,1705614300,2024-01-18,462,iBTC,1688863496,611dd956af4745b49b478a9fec15b7ba57c9ddaa111c15a08fc3b407,1471
1543,1705614300,2024-01-18,462,iBTC,1670162226,e31737eff954647c3cfb076fc5ec72a889d3d7b27a875fdf2fd1b379,1
1544,1705614300,2024-01-18,462,iBTC,1672625015,fc5543c66855df3872fc1c6bedbd95bb592feb158a7656d0964358b1,7968
1545,1705614300,2024-01-18,462,iBTC,1687692507,476b50ba222061304df4ef1e7da2a370fc1a452f4100e862d5555269,9733
1546,1705614300,2024-01-18,462,iBTC,1692080573,7502c5c924fda27047c2cdff8e5a3ebf823c8427387b674b12b0203d,1
1547,1705614300,2024-01-18,462,iBTC,1675195435,4e1b5e33ca40177148b9a59b602070a93d08c6d28769fa954879cc34,518
1548,1705614300,2024-01-18,462,iBTC,1688949376,e0f3e44d96ee509d6ab6e2da8f461254ca01f70093af4449dc4872f7,42
1549,1705614300,2024-01-18,462,iBTC,1687726361,bd0f8a958763197ef563ab8d4d85fc21fee6f7b894d6c7c8d82db00c,68
1550,1705614300,2024-01-18,462,iBTC,1686678719,eca93e97120204b13cf0fa6a0f87e37c39503bfaa2872a01944f02b8,7259
1551,1705614300,2024-01-18,462,iBTC,1692448674,9d4d413b3f4497d3ccdb07be86f076da7010d81e145b55adcdc2f833,751
1552,1705614300,2024-01-18,462,iBTC,1690398710,f7fbc9291c83560868ab7e3ba41ae900800b74940e117d044bf7dae4,5883
1553,1705614300,2024-01-18,462,iBTC,1674932102,dbf62020c6e458cd78ab8e4726fbc766b60c9a473918a5afb8784f4f,763
1554,1705614300,2024-01-18,462,iBTC,1675991014,ae410e87b18ac10b7b28dcc401248dfe43d8bddcad2c349f315e9d55,1062
1555,1705614300,2024-01-18,462,iBTC,1692691073,ea8d6023f782f4802d83c0c803c213be848f2a5aec6bceb40a3a71c2,42
1556,1705614300,2024-01-18,462,iBTC,1692753731,7346e0ad8dce5c04702ca60dd0d4526e2df5d483f1761718ee53aad5,7670
1557,1705614300,2024-01-18,462,iBTC,1692883797,33927ace3bccbac0df3ec2a62bbfc5b7637b1d1c48a253c34397f43c,425
1558,1705614300,2024-01-18,462,iBTC,1692754140,47ee31ae699bd89a025e9501b9f940c22de22a3dfc2a718e2a10eb05,647
1559,1705614300,2024-01-18,462,iBTC,1687279661,b0d6004a93f5ebcbca3d9df0d90dd40d56118c2d092bf4073450c7cf,2112
1560,1705614300,2024-01-18,462,iBTC,1691617519,252028dd01e3acc1c30861a6624f8b90e85f9b9056fde443a3df8533,3655
1561,1705614300,2024-01-18,462,iBTC,1680983386,c92acee29814228a44be41f4a07ca4beaac0585a93f5a5f36e0a625a,31833
1562,1705614300,2024-01-18,462,iBTC,1689309807,34c3340d91bf6565f8b26b14e5dc37c6f89d62bc748b78de164115da,2012
1563,1705614300,2024-01-18,462,iBTC,1693573913,8aaa28ab9441608df81e08d2b228a7349d76bf3019504a8615bfcf08,4488
1564,1705614300,2024-01-18,462,iBTC,1688030217,2a9e1ec8640d0b29f2942fb8e7edf6b10a46df1002b64f3c7fa91723,5758
1565,1705614300,2024-01-18,462,iBTC,1688894214,1385472fec065e645adad4da5662368191ca8f5f6fe59fe849d7002e,5518
1566,1705614300,2024-01-18,462,iBTC,1693840448,76f39418bc0fe22ab0a1376def8e1520b5ec048460ce83e7f79a477c,3591
1567,1705614300,2024-01-18,462,iBTC,1694527003,fc55aff12a90e98825a92bb51f4b05622fa2fca8cfd21f235175cc28,229
1568,1705614300,2024-01-18,462,iBTC,1691113142,b11f12e256590d6f349702a08a9def66cbc7b490cba621d3a6b51f81,43707
1569,1705614300,2024-01-18,462,iBTC,1688162624,ab0a64f658b137b30ef606a422077d26ffa7cb161c883140ea9a1222,2973
1570,1705614300,2024-01-18,462,iBTC,1694286761,5187bd9ddecc2fdfae36f4e67526cc8368478db4478c08bff6a708dc,2988
1571,1705614300,2024-01-18,462,iBTC,1686161308,ee8e915802b5f642b6f4d4d30ce94976a6efc51f145c980d9d376034,5
1572,1705614300,2024-01-18,462,iBTC,1694964523,510bf3f63b75013bcedc1a907a6fc4a2eef072397761cb455e9accb0,8098
1573,1705614300,2024-01-18,462,iBTC,1695034063,844da5da8b0ca7fb657b0c6a261883ebf631627f6b016ee7cd6516a0,36208
1574,1705614300,2024-01-18,462,iBTC,1690241764,53c73e201e855fb41a5fca25286f7d48a43dcad4686fb38ed1656094,935
1575,1705614300,2024-01-18,462,iBTC,1695186383,a37fab79f14d68ea324942d0acb658d887671d6c09f3a5c9284f2348,3260
1576,1705614300,2024-01-18,462,iBTC,1678152255,508757f097d3f23cb9e51cc9d35a550b2f2f9bedea6326229950647f,171
1577,1705614300,2024-01-18,462,iBTC,1688534957,152624033fcb22d52b9ab917ca5f2dbd14c5ad656c7c3d928dc24716,5342
1578,1705614300,2024-01-18,462,iBTC,1685205741,0b635d0d46328414951117cac5307366586bf7c2fc62d83e6a175f1e,14494
1579,1705614300,2024-01-18,462,iBTC,1676447699,ce49b96a1faf94835d72885dfb42ad4fcb9583d7b9095ac21a2ab73b,16825
1580,1705614300,2024-01-18,462,iBTC,1677874450,e15e46a4738e59343e790d1c181621c77db424b969f8ca6186a2f1d3,27305
1581,1705614300,2024-01-18,462,iBTC,1695570193,759b2ad795fb741546cb47086bf90dcbfc4e8144e62a824c815c1ffb,109595
1582,1705614300,2024-01-18,462,iBTC,1681077247,bbc6d8e0a8f8fa47238a3df22e1b9a0e39a0de2330ba5b49d69a6bc0,14914
1583,1705614300,2024-01-18,462,iBTC,1692044079,9db8d3d4abac0e9383f83307212017b966510fc34414e5c75f2e90db,19467
1584,1705614300,2024-01-18,462,iBTC,1687649444,342b901edef65bf1a7dc2e6cf40a410d0e2b94104e6995e0de3ced6c,3
1585,1705614300,2024-01-18,462,iBTC,1686716201,5e22c5aa5a56932e8d75e47e68ae14b5c37c329801ea6b3260a8be73,420
1586,1705614300,2024-01-18,462,iBTC,1676733744,1afac53a4d1a00fdc5c19991c9ab585d92ed50cb9c71ba9c61a36106,1152
1587,1705614300,2024-01-18,462,iBTC,1694520280,d695b98ba895d0c874d7d3e37fcddc0abed1218af810673d64c9a4f0,4401
1588,1705614300,2024-01-18,462,iBTC,1682714243,ab70a240c4ea4d1043066e8f7e046b202598751300991bac4bd97dcd,7299
1589,1705614300,2024-01-18,462,iBTC,1686431051,01320ff53b5c768f13c862003e6ce5eb269a7280994ca682518fefc0,482
1590,1705614300,2024-01-18,462,iBTC,1685467282,568b65fadfb32178198768d1bff91956f5dba957701ce300719237b4,71472
1591,1705614300,2024-01-18,462,iBTC,1685008804,9b5ca3c44c5b45ec37beb7dba0a3376e091d5d78dd13e3f5d6900701,3778
1592,1705614300,2024-01-18,462,iBTC,1676417971,d9467aa8366e0043e34e255d5aed0241df4a8ea3d53498fb3c4e6be2,10795
1593,1705614300,2024-01-18,462,iBTC,1680956862,5502991103fb3f6ebfd0bae6995312e29b4ffafb852dd5d0d8ff2ce8,8890
1594,1705614300,2024-01-18,462,iBTC,1684722826,0ad45bd4425847c0893b6a9135dc9086793f21620bf46205901be98a,43494
1595,1705614300,2024-01-18,462,iBTC,1686665858,ff6f1a1500c463068faa3a4aee28ee0e9bdb7cd667b3ac131aaa6f2c,286
1596,1705614300,2024-01-18,462,iBTC,1671600213,a4bb846ef68110900c05f24352c1648db506ec921bf6011e61e01684,4049
1597,1705614300,2024-01-18,462,iBTC,1681716825,6c348312a0608ec6032c6b58e8570d4eb54a6792e95185b661ecd19e,7729
1598,1705614300,2024-01-18,462,iBTC,1681911917,34589e061b2fcffb9f07e7109d77a14c7c7f55f15f5a52d5ebe6c94e,212
1599,1705614300,2024-01-18,462,iBTC,1696382213,73761bdecaf3b16b1ac8cfbc32a46cfb73f3086cd854b57855bcf16e,3056
1600,1705614300,2024-01-18,462,iBTC,1686426360,fea8e87d281ee2160310c0c5f406150882995426d5588b0b507f6851,6293
1601,1705614300,2024-01-18,462,iBTC,1670858019,402aa9a17bc75af743dcb1e0be5aa6c22f3ccb3812ee05ecb9ba0369,208
1602,1705614300,2024-01-18,462,iBTC,1685360320,4046d7935086947d2c6dba7e4e5f0db6f8fb72f945d1c1f992ab6c9d,5427
1603,1705614300,2024-01-18,462,iBTC,1696693319,4fe31a9ee1f8f310f27feae9a31118d29e3378b0240a998a477ec357,300
1604,1705614300,2024-01-18,462,iBTC,1676051044,73a2384cb145aa11ef7c996728c5715f87b007368e1a4769853927ee,831544
1605,1705614300,2024-01-18,462,iBTC,1693775216,d98785b47f3e7e0d0f16ba3186a7349b9e95fc1c8ea5b60b06c7c214,41971
1606,1705614300,2024-01-18,462,iBTC,1669537292,0a72021d32d5893231aef79b5b87f086fd32119a0f301957705506e4,9604
1607,1705614300,2024-01-18,462,iBTC,1691795679,b75a87ce395a2a35d89a86f52fe433a1fc75ad685a4706b134fdb349,6799
1608,1705614300,2024-01-18,462,iBTC,1686507383,e367111803d9720ed53b7127da78ed0a9317a8b7188c71fa947fb5cb,1316
1609,1705614300,2024-01-18,462,iBTC,1685521985,8a42473e6bdb66189f724c4da29b6940eae317179fe69bf92e0242cc,119777
1610,1705614300,2024-01-18,462,iBTC,1688399249,2c3249ad7a3ec1b7781db91899c6c15a068abafe2117c09aca08d097,24819
1611,1705614300,2024-01-18,462,iBTC,1684497444,d2cb4ce1de90a00c3c930185073e3c041f638555713136d3b3bdea81,38717
1612,1705614300,2024-01-18,462,iBTC,1687175649,39b1d4be2a009b5add1835ff88e27d53352d43cba2df661d22c9943f,28329
1613,1705614300,2024-01-18,462,iBTC,1697745124,e2dbdbae69316c1853721443ac2c4194975f7caf375f2540bf6c4e77,2870
1614,1705614300,2024-01-18,462,iBTC,1697759265,8f8377bad1b5bb5ca74383ecfcfd680826af9cabda099cf09d18ee57,490
1615,1705614300,2024-01-18,462,iBTC,1687318289,4e3f32529b38dc2fec4f2e582ead19b227edac321f79b7f4fb26a362,1716
1616,1705614300,2024-01-18,462,iBTC,1687852788,85c66ed26b27050fbc7bebe3c85f283ea848da45f15dd05469477684,3105
1617,1705614300,2024-01-18,462,iBTC,1670138706,ecf5b1ffca39a9821dc42163dea13dc58d4d9b28767edf02124a271a,1172
1618,1705614300,2024-01-18,462,iBTC,1670891801,4b950752c2113c742fcb45f06e31f1773151ec070e34b5361a2e559f,160991
1619,1705614300,2024-01-18,462,iBTC,1683709575,3bc2ce369c678c1a5115f7949487434175f01002469df0b3183c1a65,487
1620,1705614300,2024-01-18,462,iBTC,1686164624,1227be2193b0f03f9ced11395f01fec9baab09491e545787377e5787,61873
1621,1705614300,2024-01-18,462,iBTC,1669059962,31ac5363f5d3b6bc5ee0a10aac24f82fb0417a1e53f318833cb34c9b,1188
1622,1705614300,2024-01-18,462,iBTC,1689378223,efd2562cf81215badd5f6232a30689f8b150bbed13bbca6fea876ddf,22497
1623,1705614300,2024-01-18,462,iBTC,1691084269,cf80384d5c45b66114334e9aa2ceb2c5fc762a94301c4c6787c69edc,24645
1624,1705614300,2024-01-18,462,iBTC,1687488778,c90dfeb23d605971a7c59e29113aecd883e6390ae59b21748a3ef672,2230
1625,1705614300,2024-01-18,462,iBTC,1698208126,c237697bf579b78a515578222849bbe5fa5591be6479e9967429ad10,826
1626,1705614300,2024-01-18,462,iBTC,1698218507,e25d4cddb8f0f4b0c8d0710033984a02595bce1163168b554265b39b,693
1627,1705614300,2024-01-18,462,iBTC,1686891955,76bd0706659b380bf2acb2259850bdd90488151424877d178eaa4c2d,19021
1628,1705614300,2024-01-18,462,iBTC,1682774977,c83c13c91af421b95b9187ac7dd6aef77250ba8717f172cc1225835d,243288
1629,1705614300,2024-01-18,462,iBTC,1682992329,78774ad9d2f51203d1174cd8aba30079bfdf9167a1cef196cb3f1591,246315
1630,1705614300,2024-01-18,462,iBTC,1680244874,cf160c79e4395e9b17de9ff8fa6d78e9ade6fee1e7080e0c00152e3e,20121
1631,1705614300,2024-01-18,462,iBTC,1698350450,6b93227f4644d47ad7cd50679b2cc41cea5bf93bb8b0bb25d263abc3,44892
1632,1705614300,2024-01-18,462,iBTC,1698358294,d399a98b14f6eee4454a0b840974ac6a305258a268bef3241822b2a1,2398
1633,1705614300,2024-01-18,462,iBTC,1689633250,72b1e604e866f798b31d76fb363aa3e570b6514117485b2f5c897753,2580
1634,1705614300,2024-01-18,462,iBTC,1692123840,e388024f70a31b9841cda41c8ae43867bce9bae07d348f222edc6081,49009
1635,1705614300,2024-01-18,462,iBTC,1698453245,aa52ea8bf0edfd0db78fd3519aa55ce27d698700ad36434d536522cd,9040
1636,1705614300,2024-01-18,462,iBTC,1670859277,b8a892490fa5784bf2c73603b7cc0f05a3219fc7901db3e698ad7f11,717
1637,1705614300,2024-01-18,462,iBTC,1669102392,0dbb67ed102393b0bf27cb9d1c2f8f83ad7a9f1689904879a5191c92,49889
1638,1705614300,2024-01-18,462,iBTC,1691229146,a599571d436d6d4796f955247b1e358fa4275e063273d81dc5845a47,558
1639,1705614300,2024-01-18,462,iBTC,1688594809,2ef4c3d711d1a7adab1a24a04856a191a3a162dc844c039eba9adbe6,5357
1640,1705614300,2024-01-18,462,iBTC,1692725200,c327beebd731f0bb58b05726c2730c899b4153536cf1d329abf24400,5
1641,1705614300,2024-01-18,462,iBTC,1698736130,bb77e9cf6db3d019acb0e3d6b249f72d8b1bfcd8faca5d7a5d5f0eae,1155
1642,1705614300,2024-01-18,462,iBTC,1673361858,89867b8f45893cb14c1de33e0d5d3306dcf249101e203796017243ac,377
1643,1705614300,2024-01-18,462,iBTC,1696275084,d00c92d92560223d54d47e2332b1937f37e48f8faf44d2735e119b40,5964
1644,1705614300,2024-01-18,462,iBTC,1698826074,0e55f00fc7b515ac1f2865b4d7c764ac44951d189c41a46a9a2d5af5,4293
1645,1705614300,2024-01-18,462,iBTC,1696581814,0d54066357cf1b893f76d88adc3586fc28aa526ab3ac30db74147a50,4827
1646,1705614300,2024-01-18,462,iBTC,1692553607,8ede185c7701ad49c0e4a8e8551d273ff717922d2487f54fac34fa6d,25044
1647,1705614300,2024-01-18,462,iBTC,1698973746,8d999dd787f9871ef69430cfd7473d3d786fe6e060985c65265997d9,1268
1648,1705614300,2024-01-18,462,iBTC,1692320561,1045e75d3b45f6170e3cb414db37069282799761865f831fd98eb6a9,1997
1649,1705614300,2024-01-18,462,iBTC,1692117780,a0ffd156054ecb13d0f10dc4df8234d966e8ddac81e4708f2ed0eafc,299260
1650,1705614300,2024-01-18,462,iBTC,1698984818,0bb67baf3148157625daeb00d942466bc473a3ff85dd49afa7658f89,203
1651,1705614300,2024-01-18,462,iBTC,1691682449,1c348c0ee2a2c36691e877a0058da0def13243399ab568db8db5825c,3454
1652,1705614300,2024-01-18,462,iBTC,1670788725,b178ffc093995ed4f92326da8cbbae25832bd1c723b4897435ae3ee3,2880
1653,1705614300,2024-01-18,462,iBTC,1686120857,ba723099e73d3c12bbe935d3286ca851beadbb24e82e459d2cc47095,72448
1654,1705614300,2024-01-18,462,iBTC,1696641715,36fc48bb762e7e133f8cdb2197315db32557edc052b20a7c6233316a,5217
1655,1705614300,2024-01-18,462,iBTC,1676165900,73160153c6fceb9fc89216a5940585b4cb9c1876b5a7d7889089ce12,1407
1656,1705614300,2024-01-18,462,iBTC,1699191641,802cb092106fceffa2337814d10a42c330bfd573c0b29819d6a43b4a,6108
1657,1705614300,2024-01-18,462,iBTC,1699219817,11e7ab50a96802ee503a2bac8500f6415b41c2827bfe045b4e613853,3704
1658,1705614300,2024-01-18,462,iBTC,1699256706,1ed828ffcd8fd98bbc36a52f24d0568979d4bef387e930d8adc77c2c,4432
1659,1705614300,2024-01-18,462,iBTC,1687450381,f7b1e851725cfa1f1f24f6b0efb5c29ca06119a33c64f8b6324f27db,4473
1660,1705614300,2024-01-18,462,iBTC,1671079923,134772ad86746619dd39c1bcfd82c5cbec2872f3fbbae1c289e2c7c4,243
1661,1705614300,2024-01-18,462,iBTC,1687110631,e1a8082c47e07a5033dac58e317d904b814c3a3d26d9abe1647274b7,1
1662,1705614300,2024-01-18,462,iBTC,1670286571,6a454ac65fe62709fb8b2f46b6ed76a6497997c2eb9cfd9b4de35940,78609
1663,1705614300,2024-01-18,462,iBTC,1693251998,42c58ba9df280c4ae00cfa9fc794f2f00e7658f9f6d69abe0e8afe82,39196
1664,1705614300,2024-01-18,462,iBTC,1699496429,37267ade26de6f9a6f2a971a34ec21802f79356054041cf422707d64,920
1665,1705614300,2024-01-18,462,iBTC,1688096248,f985683432a80c87adba0b58c0f23732d62df8b56b4495e62df7b34d,74743
1666,1705614300,2024-01-18,462,iBTC,1699600866,314c278afcb70db1fc2a1fcf66c31dfad06b0f61e97964a9f2f625f0,28019
1667,1705614300,2024-01-18,462,iBTC,1688945282,39b625fa46ceaed9d756e6e663b0ce12da66b96f571a70f81d307000,206796
1668,1705614300,2024-01-18,462,iBTC,1689552616,78286944b6758ecbd9179c981466d8a007296b1e09fc3cf53add1fd8,71
1669,1705614300,2024-01-18,462,iBTC,1699700396,a628ecc683d79eb6cdf0ef8d24fa8994ef5e9720bc52cb731107b7e6,1382
1670,1705614300,2024-01-18,462,iBTC,1699766882,f9755791e28277abfcf791478294c6f10cf1076452143b4677084926,17533
1671,1705614300,2024-01-18,462,iBTC,1699774070,3974438b8c38758b0d8828e53af690b9d4db802fa363cc042c002697,1196
1672,1705614300,2024-01-18,462,iBTC,1670224096,e4a3572c85228edfa7ee4d015fa55fd6c93d181597f86859aaabca91,31888
1673,1705614300,2024-01-18,462,iBTC,1693141516,803aa8053a78aaea3d2fe1c3591703fa63e0617e2153551fd6742ddb,2090
1674,1705614300,2024-01-18,462,iBTC,1686585658,9797a1b44f05c0ef79368313bf12221d6b388d8b7a02cab480df05be,821
1675,1705614300,2024-01-18,462,iBTC,1688836722,35c495d0df5f9332169c25a654f44ce8ba0e494f7fccf9037718b5d1,24025
1676,1705614300,2024-01-18,462,iBTC,1684077465,4c80764f5b682045f12a83303d017d4dbe90f09f76b2108a5c44ae54,2761
1677,1705614300,2024-01-18,462,iBTC,1700157098,4ca1d622f96f715699d3a91f5a44d8fa6ec3435f067a39014948ae79,936
1678,1705614300,2024-01-18,462,iBTC,1691965338,b4b1870ad7b75cc0e6ec8241474a9f83a053e0135aeca9718bbad2d6,40839
1679,1705614300,2024-01-18,462,iBTC,1686428350,c55b4e912c5d71dfaa4f0b7487eecf8ed26a9ae779a9ad422639fd45,736
1680,1705614300,2024-01-18,462,iBTC,1683637670,111f4fa65714de665800cdaa883559bc60d994f34ef9f49b372d5c12,32045
1681,1705614300,2024-01-18,462,iBTC,1688717036,0459b42e46e5d7a16fc6970f4c863641d5dde5560bd5881a1a8afc8b,40777
1682,1705614300,2024-01-18,462,iBTC,1670022340,d7346fcd395de69e62f4a2bafbc32af393ceecb3287b0ff4442ff36e,351
1683,1705614300,2024-01-18,462,iBTC,1693380093,240ec14aab8224bc1895fa4385e8eb340a30eceaa136804f2acb36b2,36468
1684,1705614300,2024-01-18,462,iBTC,1686092859,01f6dc5b1fa257c30119d02f9ec10db6cec471c96fde0ea8a06f1f52,81406
1685,1705614300,2024-01-18,462,iBTC,1700117382,fa14ae777e2c8c5f456bb2083f6883d02e47d645a349243e64e560d3,685
1686,1705614300,2024-01-18,462,iBTC,1684011564,d454f318a8c6566f00c68a23802c71ef7a6b675fe95d0db765a1bea9,82
1687,1705614300,2024-01-18,462,iBTC,1694259140,a753860cbfd3884ffd93ee7ae4762a618855a982c2bcff3da2623281,1
1688,1705614300,2024-01-18,462,iBTC,1669565820,8d589e8e00fdadd913c2f769b43d341a03fc6ce5823456e7a3deaa01,8358
1689,1705614300,2024-01-18,462,iBTC,1686363943,fc4456a76943fc8ddf1fec0d5b5ea44213e92bb498cf57768c82b872,5543
1690,1705614300,2024-01-18,462,iBTC,1688620355,c6aef9c4dd86f4d87ee64da60a47365ddefcce6afe4f81ab201dcd59,10936
1691,1705614300,2024-01-18,462,iBTC,1676982601,b2d0834973ca3f26aee1f012c1b4f03cc0dcd96a5e299c62beb86237,1
1692,1705614300,2024-01-18,462,iBTC,1701181392,1b85c247331607f288e67f359127882e951ddb382589e0edc7d32f37,6664
1693,1705614300,2024-01-18,462,iBTC,1688363466,afe4f9c05f0b2fe3e561b4367044d774119a0029c6e8e25e92488a40,10785
1694,1705614300,2024-01-18,462,iBTC,1671132863,02dea5a4227b3f3ea4c25cb9efec1c9d21d6c84c094723fc4d0ea263,594
1695,1705614300,2024-01-18,462,iBTC,1684527757,cef48e82717f374be93b1e5bccad65b68e9403e57dcec8f251b35455,2494624
1696,1705614300,2024-01-18,462,iBTC,1685320268,e435792ece3754f9a940629ec319e62c108f06fedc90da30504b776f,7781
1697,1705614300,2024-01-18,462,iBTC,1685324643,5174ab849efa5337d220c79f849aa39ee378cd42b3ea9a2cc55ff905,703
1698,1705614300,2024-01-18,462,iBTC,1701610312,649b09c655b62c4b9bfdec752dba113a3e6a79e8bb860e87d6020fa2,67818
1699,1705614300,2024-01-18,462,iBTC,1689541000,b475be0fdcfcfe84c5c20a5e697f805c4a27f911a8eb47b7177304aa,73984
1700,1705614300,2024-01-18,462,iBTC,1680647352,ff7146ab3d288749871f4cf95b6d586203facd0bbf2cedebd34470e3,53902
1701,1705614300,2024-01-18,462,iBTC,1684369091,c05d3ab97abdcac7e81855b92b59afe40f18b059e9d8cceedc5ef511,1177
1702,1705614300,2024-01-18,462,iBTC,1697584575,20f8b4934963ae0ba07830e3d41e2ed682f8b2a40d6a1d3934e00358,61639
1703,1705614300,2024-01-18,462,iBTC,1684709259,3cdcafabe8d5a88419c7cb447f0467d81cd4086c97b489b49ddd0dca,16294
1704,1705614300,2024-01-18,462,iBTC,1676072049,6c8ecb2a0a26b86449201ea03fe11aeefc109c8e5e1d650779c01b7c,2
1705,1705614300,2024-01-18,462,iBTC,1675783476,6f55a9d74db68134d952107df81bfffdec92fed808885f29e3ab39b1,2134
1706,1705614300,2024-01-18,462,iBTC,1701895990,71c27c179abf426d4ad4f7ce021840097e2abb1312546c6dba1f9d1c,2187
1707,1705614300,2024-01-18,462,iBTC,1702002472,e7f9c1579f8bc21503a3bfa3c316158bc53c176754da5a2801ca1d66,239
1708,1705614300,2024-01-18,462,iBTC,1687092861,1a8d4bcce514bb0329f23e50f2af102e56fa4d2d40142dc898916d28,1
1709,1705614300,2024-01-18,462,iBTC,1678791054,895dbda6ce8ae6e05cb8936861ffdc934ef3f8b289ecbaf06f20da59,16254
1710,1705614300,2024-01-18,462,iBTC,1683011301,df6ae36c5ece938f1ac50184e91aca50ae5fc231ab25eef48ad4612d,141323
1711,1705614300,2024-01-18,462,iBTC,1692067402,3349450c00e6bcd2b48a1adba10b32343f045abd172ec4b9b297faad,47748
1712,1705614300,2024-01-18,462,iBTC,1702069477,b793641c01efa875c52b2d706bef0989e533aaa4a688755216a74848,2013
1713,1705614300,2024-01-18,462,iBTC,1674584827,08f35dbe4574f570874338a49ae321cbf71409c487aedca93a87adf3,26062
1714,1705614300,2024-01-18,462,iBTC,1671742846,07c59e348504d75a47aa875c80c5f7c537f4153637fb942f8f21f7e4,16189
1715,1705614300,2024-01-18,462,iBTC,1698743908,3fd8a8ec19e395daa692c6aaba7397ba082c2d9aaa2cb8a7e6b2d7a4,4434
1716,1705614300,2024-01-18,462,iBTC,1685203524,6b5976099e509e58d6d3d04d10a63bdc511b3de937dd839cfb876076,30335
1717,1705614300,2024-01-18,462,iBTC,1674978759,ce6885bef0ae899503bec94142f5c2d8f8d25973ddb50e1c5dca5c1e,515
1718,1705614300,2024-01-18,462,iBTC,1691020415,991cdf984dad30fa2dcd54085e6d4b8689be3edbad0b8d4186c69e7f,3027
1719,1705614300,2024-01-18,462,iBTC,1699948501,cf5a71377304beaa326262fbe9c2c4bdb79a2c9dd8b58587361d75d3,1365
1720,1705614300,2024-01-18,462,iBTC,1689973766,1d80deffae03e338ff08903a41506c45b274b85f6a9b439391226cd6,1181596
1721,1705614300,2024-01-18,462,iBTC,1702311347,16b87f6e28bb730e609b086d67f5ba0c57008afa970c668915fbbe4f,670
1722,1705614300,2024-01-18,462,iBTC,1702375481,58565b9a0b90f766dad48a3cb365453b452565ecb6773a55a5517b48,12360
1723,1705614300,2024-01-18,462,iBTC,1702403491,f428fddac0fa65aec8c2d71493de03542fa5a2077c3a8e4d7742ede4,3218
1724,1705614300,2024-01-18,462,iBTC,1681097250,742e13aeb9130597e75cb1e4201368884b223a027760b1614ddcd514,16454
1725,1705614300,2024-01-18,462,iBTC,1674472060,7328ab6d917830c7db07347e34d628bd76421d260b9064231a34955e,34645
1726,1705614300,2024-01-18,462,iBTC,1689429902,888234b4c89dc4aee2e8307c1f934f413028d33d27a6a9b08fd5866e,52936
1727,1705614300,2024-01-18,462,iBTC,1670400563,e65fafb51e3a0af5b2fc7dbdb246b633fdcccd9459e3e2f2c09f2ccb,46640
1728,1705614300,2024-01-18,462,iBTC,1693110243,00d5a046be21b4c6c5c6c90c6f831f2b6413cf7c22bd0e0affddf169,8014
1729,1705614300,2024-01-18,462,iBTC,1692508392,01cefc4ac7b65ac3fddbaedc169b071ab04fcf6f5ab009ff125768c4,12277
1730,1705614300,2024-01-18,462,iBTC,1695012401,fd9bd973495025b544108b39c3e8437f8903d9c10efa8a549fb76c9d,4822
1731,1705614300,2024-01-18,462,iBTC,1686938230,d7093cc9caa740381045e3c433dfc849c3403ecf066fac9233e14246,98943
1732,1705614300,2024-01-18,462,iBTC,1702073463,35b5123df5bdeca9a3899f0b9d6581d29ef0b8f1f177a9809a4f5203,407563
1733,1705614300,2024-01-18,462,iBTC,1697457480,aef3636189555ddc60da572088cbe16b6f9bcef2569ede5f0af121ce,29151
1734,1705614300,2024-01-18,462,iBTC,1702567274,30bb3d77d634b745007ec474e893b81e756f3b4885b57fe520b5ee34,56498
1735,1705614300,2024-01-18,462,iBTC,1700025961,e72d42efbf32fa50e0653575939c9a7b2cf532a224cb1f3e7a59a051,887
1736,1705614300,2024-01-18,462,iBTC,1702583567,f4a9767bf9af666debc2d1a3cb7365d805c40f3e0fcc95e3056a2ee5,465
1737,1705614300,2024-01-18,462,iBTC,1680551795,69af353f2cb9ab695b429cff0e80203bc8e9e47548f28176e9bf99a0,9228
1738,1705614300,2024-01-18,462,iBTC,1687740616,e7e7e46cbc26ad46ebf40383764bf5031580588917f77fb838aad330,425
1739,1705614300,2024-01-18,462,iBTC,1702612871,b171ffd0e37fdd0c3329b07afc06fbd42409d5839d5a442438e5e216,732
1740,1705614300,2024-01-18,462,iBTC,1688101639,759eb4f2ca5d96083badd166880b65128fa3d8da340bce3b4198a2f3,115531
1741,1705614300,2024-01-18,462,iBTC,1677169159,98c9ede2d55f7f080a56fae1fdaf13fba514696d0ca759c8994b7967,145507
1742,1705614300,2024-01-18,462,iBTC,1684218399,fc1c84e08e8e47cda82dfe5d2778002da43570516efe2517c7878226,883
1743,1705614300,2024-01-18,462,iBTC,1681106072,374b46ff0fc4f269f31c99a12c82159a58207c3e686c437d57dad408,15248
1744,1705614300,2024-01-18,462,iBTC,1682713645,0de7c3f3373ee0b1fa6291fddb92a9f4c95e4d641aa2a3d95ed3427f,15
1745,1705614300,2024-01-18,462,iBTC,1678903772,f7315c71937b8ee2b38ba0cabbb3d24b34186c415cb1a75e1f383666,7664
1746,1705614300,2024-01-18,462,iBTC,1680990996,5ba4f7eb27d46622d4728a365e4e78b349d96c40cb8e6b17b32814ad,1837
1747,1705614300,2024-01-18,462,iBTC,1694734317,019f3d35ef1c1067784c46f9b165150919cdefda177dd301af373051,4853
1748,1705614300,2024-01-18,462,iBTC,1683669155,8d995bf956bbf2a69b6549ca3a6830e9292b0d2641e9fa520d0f294d,20675
1749,1705614300,2024-01-18,462,iBTC,1687128249,17abbdbbee649dac78243c157c3238f34b9368e0e7d2c0232951484c,1042
1750,1705614300,2024-01-18,462,iBTC,1684336797,c8af7ec346eb1242adaeebd3ad327b140d37d084dc75a3e026ce4b39,5680
1751,1705614300,2024-01-18,462,iBTC,1685213107,c464a820786db2b4f6292f2d7d300f6e4c5a27921ad23b4d5a9fea1d,33689
1752,1705614300,2024-01-18,462,iBTC,1669291956,5a3d4f39ee17e2b67b6dd93ba71379a098b16f5f1839a069ce9533f4,18728
1753,1705614300,2024-01-18,462,iBTC,1683493642,dbd9c61554e7f039b6d4eeaa12977fd06872e65ee8b7069c967c8ead,5045
1754,1705614300,2024-01-18,462,iBTC,1670286405,eec262031b5b78bd61e1f5aaeb37110ab6599407ab82682ad1798d21,8910
1755,1705614300,2024-01-18,462,iBTC,1690965563,95aab629810acf425e4448592d1a5a0265255116e5451f90d7034b58,5452
1756,1705614300,2024-01-18,462,iBTC,1702859271,249940a05ebd21416d3bc77e69946a69c0579c1d846634d6180daeb7,205315
1757,1705614300,2024-01-18,462,iBTC,1676873622,cbf2fe83219efa63b2e1d6c43e53fefa9280e4e862b5cc88d5bdaf7d,14894
1758,1705614300,2024-01-18,462,iBTC,1688002877,8c5626c9e662752024df18952fa8540323f25adc94d1ddf19cbbe93a,104773
1759,1705614300,2024-01-18,462,iBTC,1687124549,23a833160c3d6a9c09c95cae9035dacdb5be88b00fd1c34ca6399bd7,14392
1760,1705614300,2024-01-18,462,iBTC,1685310363,927e55798611f7bc06bb509fc2a6ec54a42d0284b52478f38053c635,9371
1761,1705614300,2024-01-18,462,iBTC,1703019707,fd48b180c235fae7a07f621b243466e30570e3f2cd6b03742e3298e3,63994
1762,1705614300,2024-01-18,462,iBTC,1687479893,a63f51bb42d71bf094ba7ebbea7180346656d7472461c81af03ff839,3348
1763,1705614300,2024-01-18,462,iBTC,1692382233,c84a1d57fb0c8ff565ebbb412f83081c519276869437f255b0bbcfc1,8056
1764,1705614300,2024-01-18,462,iBTC,1692040126,e544d0152f17bacc61736bea720477a416dbd60ead88c42cf6dda564,2515
1765,1705614300,2024-01-18,462,iBTC,1679639653,9c2b04c3d361d4d72878e7c0c067ce6cdf9f29561bfab5c59728c4e2,3014
1766,1705614300,2024-01-18,462,iBTC,1679553203,6e1af944114d0b0f4e9ca648a1a8bef65cc380f25f26ad97df13ad54,21948
1767,1705614300,2024-01-18,462,iBTC,1669246449,405966152e910c43c45f1d21d8420d7ce66c604b9750824741970780,2145
1768,1705614300,2024-01-18,462,iBTC,1684506012,2d7f83bee28f29bf82eb41de3d59674e71af6a2faf3cce9eb95d6026,70417
1769,1705614300,2024-01-18,462,iBTC,1703353045,a516f653a9b09104071ec3c345bfe43cc5e6ac9292261739dde20bce,386
1770,1705614300,2024-01-18,462,iBTC,1685493784,c4c6e2c645f453f6f7ca990b7ade2b2b2de868c0aeb5c7511e481fe9,143705
1771,1705614300,2024-01-18,462,iBTC,1703436951,7bf4075584da0c019fc06861bee629698e5c7a9e93a9c0cf248cbab7,3292
1772,1705614300,2024-01-18,462,iBTC,1702562929,4cee593c13ba695c56586d315642f8b954320776b60e6f476123ee9e,6197
1773,1705614300,2024-01-18,462,iBTC,1685289461,12f84d27cceeee594ed1f7928398c1653346becbbc159e80556cc6fd,37004
1774,1705614300,2024-01-18,462,iBTC,1684703562,c66e4c7f7e62a9e589fbd7261b2510001a269b08530916b8af59f392,19946
1775,1705614300,2024-01-18,462,iBTC,1691162280,55ef464ca22cf92698284b40810e51777b3bbaece5007d513dd80d3d,2561
1776,1705614300,2024-01-18,462,iBTC,1685576805,929695c172f6c2841df1482161ec1a2716ee2f166c27c86b20736e71,450
1777,1705614300,2024-01-18,462,iBTC,1703556279,436983e2054a6d9efbce25d50e59572fd70f57266e7de2ce3557dafb,262
1778,1705614300,2024-01-18,462,iBTC,1703570048,6de2104aabc8c93f55bec195779a69737cb64bab3884e5b87cbc3143,4010
1779,1705614300,2024-01-18,462,iBTC,1697143599,400971fca902503711f9c1027fc1cb42ed80d5f4ead9e9b0685ae665,4555
1780,1705614300,2024-01-18,462,iBTC,1690286972,c1cd747fe18cf8260a8115694c82c458f6facfafd5a382447a2a3e03,5516
1781,1705614300,2024-01-18,462,iBTC,1687318106,9c6b26744bd56fdf8d153edfa533838c64edde179e56ab43ff39d44c,1062
1782,1705614300,2024-01-18,462,iBTC,1703688913,1c83a034d92988fdae53b3d067eecf70e5b3c5ac1e5a60277009ad14,12865
1783,1705614300,2024-01-18,462,iBTC,1689712967,bd120d13cacc36173e37233dc7218a7e887697a3614d27234b00e009,21358
1784,1705614300,2024-01-18,462,iBTC,1682833602,e0a5fe8d81c61f33e7b47c1a5b07c02ca836cd80b91e2ce18e088db3,8869
1785,1705614300,2024-01-18,462,iBTC,1697652737,ac85c00a2736b75b05a7346072328b218c6e64f1b1f3d24647f57cb2,15364
1786,1705614300,2024-01-18,462,iBTC,1703779205,cc16a0f721400fd321332b4bc91d973f3dfa00688eca4d82726c30bf,1189
1787,1705614300,2024-01-18,462,iBTC,1682540760,bd8dc08c011f804f96be2b9d6a085b68cbfb7235b362f821e4bd996f,939
1788,1705614300,2024-01-18,462,iBTC,1697338315,54d98e5d0d04abbf3c54ae4a9d86f851f807437b45623ad439a2f9e5,40577
1789,1705614300,2024-01-18,462,iBTC,1693738269,4482822ba84d47736ecfc0a9647e3d1f6114b32f6bc944ceb6c67b13,7417
1790,1705614300,2024-01-18,462,iBTC,1703893304,f4f86ecaff52c95c80945d3f02b5317b0649591c71793367df6a7fcc,834
1791,1705614300,2024-01-18,462,iBTC,1692634736,9dec3c4964c4cb0bfbf95809b692f75f98161934226d9b1cb0e5999d,23323
1792,1705614300,2024-01-18,462,iBTC,1684856053,b5e29b13b00ba8a4b4e60c434ac0b462f3dabfbc3be5ab7bfb81450d,9666
1793,1705614300,2024-01-18,462,iBTC,1687851104,e1a70a14406e84b401683a3b044d3fc7dbec76833c7e7e934585b678,98735
1794,1705614300,2024-01-18,462,iBTC,1692030260,793e0684fd2dfa7d12295503072537909790139c8f47c8d84a54a58a,1
1795,1705614300,2024-01-18,462,iBTC,1688108935,6565981b164790ff226d5536d2735737d1204c90f3e96be53f398cb7,16724
1796,1705614300,2024-01-18,462,iBTC,1685559060,16af0db2d287df23f43f80b06b04415537fd9b6408c1cb5894da1329,288268
1797,1705614300,2024-01-18,462,iBTC,1704122095,386d21395b2cbf6c74fdc7328fad00b4fb77f3f91d5633363861548f,2749
1798,1705614300,2024-01-18,462,iBTC,1704123981,9f8b9e86c31cbf1186c27abc512d0c9d86089b18c15ca7c3336323bf,2210
1799,1705614300,2024-01-18,462,iBTC,1670724403,18e4a3d3fcc5dee4b932b901795dd9f7e6ac57c448fca07e2f564029,17568
1800,1705614300,2024-01-18,462,iBTC,1692485144,c6d45c71d2db10ad40fe49e492ce13dbf368ee6e721bc09c91ae89f5,139053
1801,1705614300,2024-01-18,462,iBTC,1690597259,1d873b8c37d35e5e322736d5194df4efbcec93bd3e87090998185a10,50294
1802,1705614300,2024-01-18,462,iBTC,1696146912,adbbc6153ee01f33a02b4e5d803dc50fb0c1085c9641ac1c69967038,6017
1803,1705614300,2024-01-18,462,iBTC,1681024749,945cd17ae5a96a439a8191283c8459e67ab18c7e2d93fa1dfce4671c,872
1804,1705614300,2024-01-18,462,iBTC,1682934671,afc9f4b55d88b42678093a6659959b51bd13e8f09c761ac46392e197,54406
1805,1705614300,2024-01-18,462,iBTC,1684223003,d67b7749d86a07ba6f98f8f3c172bc8baa080ff2e4d9346e95906d72,223258
1806,1705614300,2024-01-18,462,iBTC,1670489861,b8c95d9c879fe985c2a59cd6de2baeda050c5010e8eee6bb84c65be5,14179
1807,1705614300,2024-01-18,462,iBTC,1675554234,8707ca72180e998be7256d3ca209f1018ee51fc9f9e1d55fd1d962ae,778
1808,1705614300,2024-01-18,462,iBTC,1692709996,67fffa13350cb5f69efd949568ab2ebf8348f0dabc892dfa86c09360,14124
1809,1705614300,2024-01-18,462,iBTC,1698434574,94dd9ef56f37110e5c80250cdd47301e9592be3378200b75222a9708,11278
1810,1705614300,2024-01-18,462,iBTC,1674771328,a181fb98e93e123144d85fee0993bd560ed91d82ccb4b9681bdecc95,172256
1811,1705614300,2024-01-18,462,iBTC,1691328852,7c287d80b89068e3f0e5ad9cdcfccd67e264e10c7bac1f1c50b4b4ce,10917
1812,1705614300,2024-01-18,462,iBTC,1700862469,b3a1ea3d4dbff9feb3acc27ae3ff0a83d7f6f7b0d9d027e3d6a2b52c,838451
1813,1705614300,2024-01-18,462,iBTC,1671832538,772e948ec345913bb1f86e295f4ff0d3b1f70e1b4ebca5831c6532a9,3470
1814,1705614300,2024-01-18,462,iBTC,1685461499,2d8e47435b0c86ffc07f8c45272929148631ba923e3e24abd49c7d62,32333
1815,1705614300,2024-01-18,462,iBTC,1689064526,0077f5569d8a6b58837844cae16b24e60b4718f5805e316dbf493897,105258
1816,1705614300,2024-01-18,462,iBTC,1690167869,cbd45719e9d7a6332688ac3ad8bcec87def6bb55174662ee16b5fa61,11103
1817,1705614300,2024-01-18,462,iBTC,1690253274,a10a23ec8c8bc86c8b39bb8d034a7ea407acf952bab967bbd8797d7f,12021
1818,1705614300,2024-01-18,462,iBTC,1689819154,d74a6efc13c28b96e80fa23036353ec62897443d0ee58a7cae63cb0b,9195
1819,1705614300,2024-01-18,462,iBTC,1704335818,3001ab2e1afb570d756ead9ed5c82ae8241ae8cce18a17113c5706af,3492
1820,1705614300,2024-01-18,462,iBTC,1687916232,ea374c2d569d63853df7d92c816502210495360908aa4df12568e567,5058
1821,1705614300,2024-01-18,462,iBTC,1704385474,103a18c8b3b964841f73d52e0c579fc88f335d20d9c8d7f4de033b3e,5938
1822,1705614300,2024-01-18,462,iBTC,1687524690,78278bcb9c677979118fb293f6b2ea731711d27c4c00a6c6477081c8,90
1823,1705614300,2024-01-18,462,iBTC,1701462411,b546a8ef04b1d3796d4a656ab028e2a23340d6ff67a91725aa6e5b09,16881
1824,1705614300,2024-01-18,462,iBTC,1684402316,a7b9ee64702f425ec79d48bec8dc50489e4996c684b3624233bf6e3b,14197
1825,1705614300,2024-01-18,462,iBTC,1671488072,a2b3fc71aa466e489bef35c30ca8b4a9388f701ab0cd73c9c81a5409,2459
1826,1705614300,2024-01-18,462,iBTC,1698720243,036f1301cab8154c5cfbfa54434a30943195eb52b79f2f83b8a9d8bb,7774
1827,1705614300,2024-01-18,462,iBTC,1669281004,f08a2242c6a6353ea38c9316dc478cad0d5e53eef6c1833e763eb33d,900
1828,1705614300,2024-01-18,462,iBTC,1692837252,0be100b577b01fb14cd3163192a4b4ef9862a633c140ae6f2c8bf6c2,2261
1829,1705614300,2024-01-18,462,iBTC,1685657111,e4833eff5469ddeeaf0fbd065ad976676be56e8cd67c04526d51c495,35979
1830,1705614300,2024-01-18,462,iBTC,1680939064,514ec5e427280c6bca6a0d79dea12bc793673a7241ba8f6f982a542e,3177
1831,1705614300,2024-01-18,462,iBTC,1699003087,45a9f4d28189a427148cf969aba03325e950fcf924e48a3af0905846,21267
1832,1705614300,2024-01-18,462,iBTC,1679228800,f706d35c708bcc63336b52eca4245fa5ad1ea3f8dfaee5a88b751ac0,165953
1833,1705614300,2024-01-18,462,iBTC,1704497925,15602734c17c4c53a51c898d95f5bbef7e35899a761a98dc8acff0e7,3748
1834,1705614300,2024-01-18,462,iBTC,1683352412,c05a3bb916f898f5a4bb6886e7eca889c8f0e337ca7d0ac8a23aadf3,8740
1835,1705614300,2024-01-18,462,iBTC,1704522570,8418e6543a797ebcdf47946b03d339a0c3fcc25454e90be961c1bac7,28562
1836,1705614300,2024-01-18,462,iBTC,1689843056,f04e3a2f427f303624958a861d18f657e307e65da73922e8d823d573,11395
1837,1705614300,2024-01-18,462,iBTC,1692888865,d507ae81327a236ebeb68e2eb12a2e91f1dec6864389e429cca299dd,125070
1838,1705614300,2024-01-18,462,iBTC,1702807213,d53309f9e2a0483390d6d919f6c3edb7e583b86bf2041bbc1f92771b,1818
1839,1705614300,2024-01-18,462,iBTC,1689904961,6fe35e3afb8041bb4b3e2df8a1ff4fcb433b5061ca04d71a44c925d1,11137
1840,1705614300,2024-01-18,462,iBTC,1678666642,f09508247e043a250758c76b5ccb0e00df48f5caa7d61518dcb96707,2796
1841,1705614300,2024-01-18,462,iBTC,1695509083,15aabf0a1e99f53e61d00b34bcf3ce4664c8a451561ba8f1e8d6d9f8,39005
1842,1705614300,2024-01-18,462,iBTC,1690778496,f1d39751c36b29e842f06a1166cf58e421047fe58c7d91c93e456e53,28449
1843,1705614300,2024-01-18,462,iBTC,1704590696,ddc7d434a87369990847553dbe9a0020ccbf868222cb6193b0303eca,120887
1844,1705614300,2024-01-18,462,iBTC,1704131402,ba44b48476836f079b2c5bcd6f369bf0e80176bfc4efe08b4f5b17bb,5701
1845,1705614300,2024-01-18,462,iBTC,1683397428,56a31a31d994dd695445965d7862c2025320c4d7a0202bb6e977e74b,114931
1846,1705614300,2024-01-18,462,iBTC,1678438118,6c84ff02fbb588bbfc2cf7edd4c93ccb0582bc5563a4034ae39a1db6,61019
1847,1705614300,2024-01-18,462,iBTC,1704655774,fae8db736c217adf1d817d0e2e2bcb8f7a701fba40bb71e9fc9db21d,999
1848,1705614300,2024-01-18,462,iBTC,1669482194,02b80d9935da7f00d97323735ff2641d938b14f3ecd24b01a990afe5,24020
1849,1705614300,2024-01-18,462,iBTC,1687072466,782f7991e512e52aa83c538ae74d90283916f770165a85f30e222070,651044
1850,1705614300,2024-01-18,462,iBTC,1704664801,961cd943e0c5fd617ca6999673e0568ad8787a48efd12cfe101d42ec,11864
1851,1705614300,2024-01-18,462,iBTC,1674136301,5b06d393e8dfcfc2b19ca8ecc91c242dd437ed72d917391264183f36,15414
1852,1705614300,2024-01-18,462,iBTC,1694905692,309a47f53e617e9bbd0aa234b5f2aff6c22864a58a64fc272caf8315,41366
1853,1705614300,2024-01-18,462,iBTC,1702500581,c0032e1e478717a8f6cd2269c9c5877b625c7fa9b4e4f3e8aa8110d8,389171
1854,1705614300,2024-01-18,462,iBTC,1692301629,dfeac5dd22c2b53cb43a31cbe0cc5cd71c78f714c5f05a20eaa107db,38939
1855,1705614300,2024-01-18,462,iBTC,1691174769,add22687547b52ee682e6d576776af097ef9374ecce09681b9b43715,232210
1856,1705614300,2024-01-18,462,iBTC,1694927427,9442130f8971114afb57ca22fc0c8bbf9cdd009faba8c714a571d88a,25117
1857,1705614300,2024-01-18,462,iBTC,1680098609,fc3f98ae5a3b654f6d89eebba84dede2c2ebe58d58ed3d59984dfef4,6
1858,1705614300,2024-01-18,462,iBTC,1693177687,e6926c176666e9fd9ca952aba71247472a1ab5358f38204d1ddfc79e,754604
1859,1705614300,2024-01-18,462,iBTC,1691156118,62455feed70d012e99e9845395a5cb277204e8a7d9b7e806a038d795,231453
1860,1705614300,2024-01-18,462,iBTC,1703868721,284839fc9946e6331dada95c3f7c14e995b738b0e580d8079c50bac1,5
1861,1705614300,2024-01-18,462,iBTC,1675472390,8732d6ae48c07b2694e9918fcdfff84e0995b165d4615c32fc76a978,63591
1862,1705614300,2024-01-18,462,iBTC,1704507725,e2842bcfcb33618f0da68b8f33200572c22a2fc4b7cbabb7702f1b2e,67479
1863,1705614300,2024-01-18,462,iBTC,1698981666,acf1f327362ce34cffa6db0c5d6ba398bddf63c5202457b600377fcb,38221
1864,1705614300,2024-01-18,462,iBTC,1698538875,e8c66a90ee03f8a63526621d224cd470c82347fd28405ee6932bc7c9,188099
1865,1705614300,2024-01-18,462,iBTC,1669105362,f29f47b1b0418459d3089b645f7822ffde188e85a102de177d76cd77,9846
1866,1705614300,2024-01-18,462,iBTC,1688728564,0a82a837af1a325a9e6659189dbc86d8c9c4c83ab6ddaea4be87045a,33042
1867,1705614300,2024-01-18,462,iBTC,1669209119,1ff8ec747a4655f4f3abfe66233fb0343954025143e9134ca779640d,1089023
1868,1705614300,2024-01-18,462,iBTC,1682364620,882adcca078f37ee93c6c250fd5c7f4db7ae5417b468e49b6b7b6c17,12061
1869,1705614300,2024-01-18,462,iBTC,1669569494,9057a63eaa2afa9e1f67bdb5d29fd62c59c91d0c79a30e225f079aca,945155
1870,1705614300,2024-01-18,462,iBTC,1676203065,69db3ddacd4bd728026a19f9e8be6d41771d6cfb8cc1706798b3ad1b,14142
1871,1705614300,2024-01-18,462,iBTC,1685524352,fa9c7e0beaad372083bafd39c7cef554824a1e9eb21556676864ab7e,448880
1872,1705614300,2024-01-18,462,iBTC,1670376934,e0ea68c3e09114bb8b746e67a3e44b5e4c0cdce33c07391dc1f61be2,230458
1873,1705614300,2024-01-18,462,iBTC,1688848294,62c68562dcd68f1d823f9d539c7e567d0c0738ab57a05570704ba0de,5308
1874,1705614300,2024-01-18,462,iBTC,1689223402,5f431f57ad76f9c3feaf03809fb3ba95da61f53fda601021a73f8040,95763
1875,1705614300,2024-01-18,462,iBTC,1691170710,b90a52312094525fd5625f11df6dd72246a7ba3d3a5195f5fdc207c8,41765
1876,1705614300,2024-01-18,462,iBTC,1687327467,bc64c0754d2dd6b159df3116a20375fbb668de087098210541940186,1
1877,1705614300,2024-01-18,462,iBTC,1687821042,239f2ce7543af3b3c9119a00f53a64ad8e1e4b19d90fd1dfaecd7427,1028093
1878,1705614300,2024-01-18,462,iBTC,1694549780,e174ca1bc8de7a28fcd3d2fbb172d223fbd8b83c1dc51cd37c790420,99815
1879,1705614300,2024-01-18,462,iBTC,1689532312,70f311783e3166f6d6bc39a700b92a2a2610b7cf7f20b5775244b657,132461
1880,1705614300,2024-01-18,462,iBTC,1684404687,af7dbc337958b4ea8e417db5deff1df389a18d4b3793b269d85bc2b7,133913
1881,1705614300,2024-01-18,462,iBTC,1686423438,f02ed8f193b422cfd67898c1b2a117b29aebebe18c4289149f27b3a9,1009559
1882,1705614300,2024-01-18,462,iBTC,1699310562,c66ff2b22ca8faa5e24840f40c4b089caa5f5f2531debbbb3eff27ba,5592
1883,1705614300,2024-01-18,462,iBTC,1692009056,8a943c72013267009ce119b8a60b15d5ee70a91ff3bfc32ec591e837,290217
1884,1705614300,2024-01-18,462,iBTC,1699833940,2247ce045507dca9f1bfbf74a523304b202e019b5203c6a4138f54a2,280922
1885,1705614300,2024-01-18,462,iBTC,1672254847,e892875d741eeddc536eb15bb8df712f375ee8b043312119ae1b3742,42240
1886,1705614300,2024-01-18,462,iBTC,1697471908,161a687a86180fa360188933814f9312374933ca9ebd7d05a9c4d64d,115837
1887,1705614300,2024-01-18,462,iBTC,1678895602,ecf1cb14a49abe481c4930be126426df3a7468257a129575cd49b41b,29946
1888,1705614300,2024-01-18,462,iBTC,1689613530,a1e4678a007b4cbfc9aa6e7f9a37a15c2edb29f18ee1727b2a161bb8,7811
1889,1705614300,2024-01-18,462,iBTC,1701499695,cb2b4570726c6675a37c6a6a64b482eb461e2b5b1a75359d4ae3a8d1,73087
1890,1705614300,2024-01-18,462,iBTC,1695718850,4d5da618c7b48388366354c11d5e897d2449b087b523fd083fa0970f,75951
1891,1705614300,2024-01-18,462,iBTC,1674720050,ee0d3f0402347e81228151903cf5249eb6303bf0e78b4f488263db90,62730
1892,1705614300,2024-01-18,462,iBTC,1688649886,ca79ad389e53d6d78f64b08613237df256252d328a6adf8cd3fddaad,3065
1893,1705614300,2024-01-18,462,iBTC,1704749837,a90e5908b57bb438476478566b35dc93a2497235e7c83164bff4f014,5709
1894,1705614300,2024-01-18,462,iBTC,1704750164,22cf365b9192d50b64c2cafcbc85cc23797ee0522fba2085728bd60c,52558
1895,1705614300,2024-01-18,462,iBTC,1700951354,fe1ec226cea115ba38358e4f2df4339bca81362bc82f26c765b61f93,95853
1896,1705614300,2024-01-18,462,iBTC,1693104792,8be6732aed7a8fae40c977123a8c351f24783273e129f986fa3f1eff,995658
1897,1705614300,2024-01-18,462,iBTC,1701795351,19b6cea31f66d0bf6aa70cbf879331c4e3001de9d48928d445b083b9,32966
1898,1705614300,2024-01-18,462,iBTC,1688143784,f946a9da7bc2551c51e8bf0d38a5f7978c825edbd438c8f89a904859,259254
1899,1705614300,2024-01-18,462,iBTC,1686260930,775ef1ace4264239a1f7713dfcf2509b35664a69ff58631d9ca7b43d,11273
1900,1705614300,2024-01-18,462,iBTC,1701914493,7cbc9de209d7a0032eca03b814521b58b034bb72aa681decb395ea25,150668
1901,1705614300,2024-01-18,462,iBTC,1669529195,85dccd823a8eda33c9f680bb5dd7c09479fae10c95732a968f39ddad,19809
1902,1705614300,2024-01-18,462,iBTC,1695497980,1828ab62af889897655942ad379206d216e2ad380e14b04c3c166c0b,37354
1903,1705614300,2024-01-18,462,iBTC,1697341884,8c313ea6d708c444d542986e87169acdc942540d1169e1f58f4e9d9d,5769
1904,1705614300,2024-01-18,462,iBTC,1699117439,550299b3cd47199bb20f5cc01c0300ea447d80e79543e334b6d5cfec,89122
1905,1705614300,2024-01-18,462,iBTC,1689935928,bdabcdc638396b13e6a2f2fcee884fac8903ad668c7155fad848616a,45861
1906,1705614300,2024-01-18,462,iBTC,1669620058,8105d0f33d443db33095e1de7e3c084af5cefb8675af79f718bd3e36,9338
1907,1705614300,2024-01-18,462,iBTC,1692989233,d38b26fb9b460883ad49b8be8efae6a39413a4cf65ca3a84b6a14f65,382253
1908,1705614300,2024-01-18,462,iBTC,1689414601,87b9679714eebad39554239abcc970b4937f19ce07fae769da678184,32099
1909,1705614300,2024-01-18,462,iBTC,1699879937,13766509b9b4a3dd92c64febab5731cee2a78ccc977b99f1d832e8d1,41810
1910,1705614300,2024-01-18,462,iBTC,1688009188,50b834c5a9617a6a7d88fc1087764dc7df7d8929a68412245e3ddef9,8764
1911,1705614300,2024-01-18,462,iBTC,1687286561,e6fdaba56d087a16a9d4cd4a298d537bb25843159bbe8c9dfcfa3530,15163
1912,1705614300,2024-01-18,462,iBTC,1696743110,008183a40ad33934b7d4711d6b46f0b8901d398b77746222f0ac0dcb,20715
1913,1705614300,2024-01-18,462,iBTC,1676237923,f522f25c74116502ec93b9c5b40debd40d36ee7078989616fcfb2fdb,59384
1914,1705614300,2024-01-18,462,iBTC,1696768482,060355fc3d04d9df3f0e2a908231211672b16c6762c4e5c83e623734,29666
1915,1705614300,2024-01-18,462,iBTC,1700873284,f0685c460b01ca8d6fa7f5888a8e381abe5e23cd41bb3e6948a6a581,24369
1916,1705614300,2024-01-18,462,iBTC,1689159768,c9943f5e7c0688644afd7dbc518f505a0ba36f3afa555cd1001bfbf6,335631
1917,1705614300,2024-01-18,462,iBTC,1688578216,8d89460f842ed7b219009885a5135f7e2caae73d80a619a6b00a6769,43464
1918,1705614300,2024-01-18,462,iBTC,1690659805,95adb311d06d54e4251c9dc4f413de7ae81eb4d19c503d968ae1aad5,18059
1919,1705614300,2024-01-18,462,iBTC,1683008234,3350a1cb0110a5855f289a0738fdbe0c00c07cf748fd5f5cdf1aa63b,17388
1920,1705614300,2024-01-18,462,iBTC,1693766012,f8c924fdf1d9d105c176c2d7289312adb74685741ade1835c78022bf,7887
1921,1705614300,2024-01-18,462,iBTC,1695319953,a98843c2533d5681e29cc5257c9cfa172b4eac792a04c4601962c0f8,13453
1922,1705614300,2024-01-18,462,iBTC,1687569709,35b5d87660008e921bf997918dca5a84f808badf0fdc910fb5cc1d06,116052
1923,1705614300,2024-01-18,462,iBTC,1691852966,a90c9789e1cc4e2b2b3f0623af62cf6c143918214776980f29b12d12,74084
1924,1705614300,2024-01-18,462,iBTC,1694110680,fde99c5446fa0a9d8337fd28293649bd0b5d9a9264c5b33f975ecda7,105057
1925,1705614300,2024-01-18,462,iBTC,1690725779,9c9cfb0162ad71b2ea61e82aa7676826d3bb5a58eb5f005b68a4c8da,89336
1926,1705614300,2024-01-18,462,iBTC,1690549116,f095b6bf1670a5927349be0c438d63b966d494f62868c47d264ee592,162895
1927,1705614300,2024-01-18,462,iBTC,1671289757,cacee11ae9fc0ffb6219d179e22b1cddefd988ebcfb1ec7fca4ad52d,1080506
1928,1705614300,2024-01-18,462,iBTC,1688330322,30f730fb260aed1721ae7ec3d6ba003509bc8d125ddbf93ddf51cfac,516
1929,1705614300,2024-01-18,462,iBTC,1688498708,a3ad69669ecee78b25f6b796d095ca691912481c72cc3ff42ee41ed1,18196
1930,1705614300,2024-01-18,462,iBTC,1693477400,616ae6f4803b2d581ebd1d5cf6b74c35cd5ab3a1b9bd992a9cbee44b,9774
1931,1705614300,2024-01-18,462,iBTC,1698035367,be77c8efca3494f803d73173977396e03a9c89ce8227333e9f079e5a,133182
1932,1705614300,2024-01-18,462,iBTC,1669316345,bed90820701ec88d79cb4536bc0f0d5d9eadea4038f704ea26aebd7b,31496
1933,1705614300,2024-01-18,462,iBTC,1694042178,071f3b13c008455dda64f68444844dc392779583aca6c553d3f98d39,54674
1934,1705614300,2024-01-18,462,iBTC,1675808249,4cb2eb343a9f29be1c2550732c532cf3d2a846cce4b12691379bdc70,4507
1935,1705614300,2024-01-18,462,iBTC,1704872394,b485a4652f1572808586882af82ef45d6219992c2b3dc68412fa6502,11144
1936,1705614300,2024-01-18,462,iBTC,1687778006,6362594e81cc4bf5946e14a30cf676df0db656ba14dadf367ab90167,198264
1937,1705614300,2024-01-18,462,iBTC,1690219202,f6cfb92f30761649bddbe7ad666fe448046e5f68abc29596e6956aa7,237532
1938,1705614300,2024-01-18,462,iBTC,1688378910,0addfcd643de27ebe29017294c042b87e5c7af614b5de6f363fdaeef,471030
1939,1705614300,2024-01-18,462,iBTC,1693129771,00023775abacb7c31af161e5d0faebd84067299748396171df0a4143,20373
1940,1705614300,2024-01-18,462,iBTC,1697725559,5c6f27002a93777f15e5238d5bc1b25437b9552c02047839d9cede31,8593
1941,1705614300,2024-01-18,462,iBTC,1704893980,d69cd83114d4b8b00aecf4a023b0d55006923898ae4267328b8ef5e9,5315
1942,1705614300,2024-01-18,462,iBTC,1671427547,b441ca29dc1d111c2bd998f8b347f57613bc68458a0ffda06ad65066,108634
1943,1705614300,2024-01-18,462,iBTC,1691446869,2e5a4c00de5e5ae25ec3d16e50b1da6b651d07ba33d3af5358becf71,91592
1944,1705614300,2024-01-18,462,iBTC,1694627183,f4035fabf6ceffc8d7ba6defb2a76bf77e2fd6f447f37c9037340990,1557
1945,1705614300,2024-01-18,462,iBTC,1688677814,f3820b9d2e1ff6bc15652ffbc01346225e9d3f5c06adeb77b316f12a,3929
1946,1705614300,2024-01-18,462,iBTC,1704139567,44b2ce776e5c1d02812bab7652a63fe3a7a846d448b522ed320dc778,159566
1947,1705614300,2024-01-18,462,iBTC,1690393324,a076e24a67c4906b17ede60183d0478e4d95431c5a227f3d35c4e8dc,380
1948,1705614300,2024-01-18,462,iBTC,1704295863,eb297c37997009daac5a3a135583eaf5ed961cb5395ef7a37786bc64,9027
1949,1705614300,2024-01-18,462,iBTC,1685461834,a79e3310327ff57aec9921c729d9a81389fe10aaa398fda3e5ae0fb3,133269
1950,1705614300,2024-01-18,462,iBTC,1686491230,ccb220201f3cb6b293ae4aa8f4c4280591f300897fa0354851c616f7,35730
1951,1705614300,2024-01-18,462,iBTC,1679183890,ed2d886c9096287956f5c505925a4921e587a7fb6b9216a178616076,1161
1952,1705614300,2024-01-18,462,iBTC,1704924317,f799aa259b84f5d6a48a2c9253d9845b71a149900f4cdd0d99022c3f,2890
1953,1705614300,2024-01-18,462,iBTC,1704466351,cc5d26611f038e50b4f5c174d83c07d8ec7c2f2d557a95800b32e060,12
1954,1705614300,2024-01-18,462,iBTC,1676231331,5cbf5f0ea9260bb305078b3bbfdca41a598d232d74c9a30db243ab67,100951
1955,1705614300,2024-01-18,462,iBTC,1704931924,1d78675c4c641307a6ee67c1632f84df8df0a86997fd07f1c2722d5b,1361746
1956,1705614300,2024-01-18,462,iBTC,1702582269,c480783df5b96cc1a051c2bbe8c96d842a2743c747f303c656613e19,12106
1957,1705614300,2024-01-18,462,iBTC,1696974617,15899010c8fcdb8ed1062e163dd8b6398c62e39192d0f1a3e28dd52e,4166
1958,1705614300,2024-01-18,462,iBTC,1690048954,cb7e89fcaadfed571c5ed0b22579cce20b89e0407cfc051d8d97fc89,884358
1959,1705614300,2024-01-18,462,iBTC,1669539021,338f6ad73e0886541751486f71ceb084279c1ef0babe1ca9a2d58687,32510
1960,1705614300,2024-01-18,462,iBTC,1693269258,f0759375e806e0212efd939c5734c9894fd1f309d3da6471e068bdde,334670
1961,1705614300,2024-01-18,462,iBTC,1687791573,c237095d55fa4c123f4a67d49e429bc6c35f2d4c8aadff5ea1a7ab1c,9300
1962,1705614300,2024-01-18,462,iBTC,1675993718,ed3122194af84dbc350676f420b1927209b40cf0d239ec26a5cc8623,11204
1963,1705614300,2024-01-18,462,iBTC,1689464296,efdea48b2d455838b64f1bdbf0106eef7cd67041ce4aa429d812183e,7821
1964,1705614300,2024-01-18,462,iBTC,1691715129,56460232600f7f83c802cd4d754d1df5909498ba129dd9b921490ba5,4062
1965,1705614300,2024-01-18,462,iBTC,1670851563,23b41dab65f698716d09448d4c399e10d2f66ba2fb6433671643c280,90470
1966,1705614300,2024-01-18,462,iBTC,1692911984,9cd08cc76ae69ff518811af8d0a51a88d43a4c657a0c04e9224cc8cb,48423
1967,1705614300,2024-01-18,462,iBTC,1670360697,ac293f8851bccc597d9f23b7b76bb9afca7bf65e42c93fd9e51ebadb,92954
1968,1705614300,2024-01-18,462,iBTC,1669471193,31eec5d71937555a28119e20dadcbe20b67b367b2f31f21957466444,40583
1969,1705614300,2024-01-18,462,iBTC,1678932368,0a36d2059eac53b46045092125f8419d455cf63ba48a7f2285a1a691,109568
1970,1705614300,2024-01-18,462,iBTC,1694600585,f8470a7569e320d24a2303be02e72f651be6e7cd1221fa8b4cf83704,1681692
1971,1705614300,2024-01-18,462,iBTC,1700159679,d1f445019e940fa4e89b149599b431d0ef7592743758b010b8866898,99644
1972,1705614300,2024-01-18,462,iBTC,1697103400,bd260b201444c3ca02c8caae7c70bde39b1be7dbd7ed3981cee640a4,4609937
1973,1705614300,2024-01-18,462,iBTC,1702847468,244f8f0d7ea882ffa2bf53fae898f61eac954c0406409500ff0f6979,3814
1974,1705614300,2024-01-18,462,iBTC,1679709406,bb32c423f9a82af12f10a7ddfbb3e06a6160ad5b75827a14c2975eb5,37024
1975,1705614300,2024-01-18,462,iBTC,1687380218,2b3f8ce415f63a81454d53882a00a4d2225e1284c257a8b14ecb4c22,208175
1976,1705614300,2024-01-18,462,iBTC,1693321732,a6049fbd2fd723e4f19c5392bfff9019d10ac59d222ee86ba05c9b2e,62779
1977,1705614300,2024-01-18,462,iBTC,1670193136,65fe5aecb5e29a5ed212fcbddda174205fb47bf6e379fd275962c68e,31166
1978,1705614300,2024-01-18,462,iBTC,1696708849,eeb30b031f8ddd6c5766289a4faebc9fb55ea39eaff3dbaf28d106dd,1994
1979,1705614300,2024-01-18,462,iBTC,1670297711,9320b2e201b2f4141b4ea6e17e410f4696c911f77149408d632ebb8e,22576
1980,1705614300,2024-01-18,462,iBTC,1680033032,6f27039ce8ad07c08fbad0dcfe5b70bf7b5709eed01128f3c8272841,7307
1981,1705614300,2024-01-18,462,iBTC,1696753763,765bf28b5f8fd06d76dbd8ea9a428a40b30d721575c7f8483c968500,102769
1982,1705614300,2024-01-18,462,iBTC,1689527370,1940d3fec85e9061523ad6a42f216ae820eb69c4a54d83cf9aee3896,9073
1983,1705614300,2024-01-18,462,iBTC,1701396020,96b60eeb853449f5a7ad24e6d7f8a8a8c68c578df8e18dd687caee17,531190
1984,1705614300,2024-01-18,462,iBTC,1689725182,bd3f2017e7e27753b01e12a7c92edec2f9fa6b8802f314ef3121d735,45236
1985,1705614300,2024-01-18,462,iBTC,1694181071,6ab1e8f492b0ade359dcc23754a37711b11e09f3c300db387a7df62a,14136
1986,1705614300,2024-01-18,462,iBTC,1685162262,0b6d4094acb71999783c5f632377b48f9df9fc9e2d90e0fda2fdbdec,58699
1987,1705614300,2024-01-18,462,iBTC,1688649513,84c9a45c5123c84cb6186adf1f103d3cb4793808002903cca2cbf9d3,23044
1988,1705614300,2024-01-18,462,iBTC,1669468413,460b03e4c9be9f26635bbb42db1bb7757c65f8bdafa5155fcc3ca9df,487474
1989,1705614300,2024-01-18,462,iBTC,1698184622,5187d88d438335c5e3db19d761bbcb1f3df11e9386887325cf38d650,30129
1990,1705614300,2024-01-18,462,iBTC,1695339750,252b76c1709bf21198156dca3c0e1a5ec1cdf58d164aea0c7378eb80,440
1991,1705614300,2024-01-18,462,iBTC,1691634643,a03ccad35de77af874c2bd83cf91b7cdf3ecee94ba071ebc6364cdae,299809
1992,1705614300,2024-01-18,462,iBTC,1683193945,092b7b9ae9bfed9f25757ce431f885b079ba820ec102294ec9f18c5b,9192
1993,1705614300,2024-01-18,462,iBTC,1690826022,ba37698916d66971b377b10f0c6a0f267b7d7b0db565d3a27267c2b8,6507
1994,1705614300,2024-01-18,462,iBTC,1701977379,362ddc53e1429513cb2dfd0ef2e9fa7c80439f07570a3ec9d623d0b6,3960
1995,1705614300,2024-01-18,462,iBTC,1679966641,982897eebb4516bb2e68c969145ed6b60afd9581c5395fd8d5f41671,44310
1996,1705614300,2024-01-18,462,iBTC,1691468923,f93cc5ef93e0558852dda635e29b1f3691e9450aeed4a8c2e3d7aea1,83231
1997,1705614300,2024-01-18,462,iBTC,1675624860,1b1ba287e7816fd86a470d6e56a89db3741b4781b0946730482f0c8e,6126
1998,1705614300,2024-01-18,462,iBTC,1701799389,971678dc6765efe0dbbe2ad874f8acc3dbdb1c4dd9546abbcba9d949,157545
1999,1705614300,2024-01-18,462,iBTC,1678589270,946c74a18ccd97a6cdb64318cb3374ab72e83c616d30d604e1cb8d20,1017802
2000,1705614300,2024-01-18,462,iBTC,1669120558,c835248f41cb65303bec60d767f0299ea458a19c8c04beb125513487,64416
2001,1705614300,2024-01-18,462,iBTC,1699662432,7fa68b7f8bd5015b4162dcbfcc442d17733001d68cdda583def5b9c0,489347
2002,1705614300,2024-01-18,462,iBTC,1699199094,c71aaf48394a3e23140f8521e924228c4d4eb2db1d7e15092cbf4360,183555
2003,1705614300,2024-01-18,462,iBTC,1687217565,2af7ac91a39bd31d2af45a0339de7fd54c803034e0c6a6ef31d9a6d6,46973
2004,1705614300,2024-01-18,462,iBTC,1689919406,bdf1507fde82b8d0513273600289002f05e0caab85d28a804ec36a73,318
2005,1705614300,2024-01-18,462,iBTC,1695734238,7eba1da590e93ee9a4da7bf746111c27c6b21f82ca90fd8c7ca5a441,4440
2006,1705614300,2024-01-18,462,iBTC,1669176232,ca0f77040a2b74ee79cb3a2c8046083e364c853648d64885a75ae35e,12217
2007,1705614300,2024-01-18,462,iBTC,1694582608,c716768454ee0acb9178b7ca686c04eb02579b536fb44ec6b4361c81,908132
2008,1705614300,2024-01-18,462,iBTC,1705065484,c1b6310988a93b3ed2503153879b097478b4f47f484f060aebc71ee9,133091
2009,1705614300,2024-01-18,462,iBTC,1683281480,58c052676fe5b1cd52fda1ba62bbdabef2b3f261258e1fcfaa4df833,33174
2010,1705614300,2024-01-18,462,iBTC,1688191938,36335a09015ff3e7941cc3bc4095f41ec80aedf5086c1ffedf7bc7a9,85261
2011,1705614300,2024-01-18,462,iBTC,1696344661,9a2468984f0481f9e23b7537207c3f5ebee0803e8cd93be6e89b18da,190788
2012,1705614300,2024-01-18,462,iBTC,1686946732,5cdd7f4959486306226ebcf1e43d45d7bfe2c4acd7ebafaf2c647248,107651
2013,1705614300,2024-01-18,462,iBTC,1700194195,5dd980e75c38dc7af3dbb6d1d1f023b6b2c47e0fc11d7614b8c6144a,1930
2014,1705614300,2024-01-18,462,iBTC,1690213406,064bdec62473f25d5eb0cb4e051a3bfb6fd889f02e86c496539846b0,6314
2015,1705614300,2024-01-18,462,iBTC,1689416506,56270f8bf55701d31d45a3db4a13d99ef7848fc936616777f4257dcb,148538
2016,1705614300,2024-01-18,462,iBTC,1690291574,fcc20a843a102f03b5a67e2d9567fc74c70c2c2c294b85fa83086611,10345981
2017,1705614300,2024-01-18,462,iBTC,1702166558,a0ff3365ef9cd002c84b6d003102a2c1004a3cc675b81d72e1afbf9d,43521
2018,1705614300,2024-01-18,462,iBTC,1674310456,20e6fbd5dc1f0edd267fd7d81a4ee11caa622a2d9f0bf88f98bdec4f,278036
2019,1705614300,2024-01-18,462,iBTC,1686270527,a7793000be35ab0dd64570208d714684e292588d3067948d9cab4b62,112864
2020,1705614300,2024-01-18,462,iBTC,1696572827,e105437b7f6bc51ba2dfff25dad8528637a85d69ce360c9417197769,131961
2021,1705614300,2024-01-18,462,iBTC,1700542315,9d05742af383e903a1393eb5c0e436b37c9166290ac8795dfb6c4b1c,6572
2022,1705614300,2024-01-18,462,iBTC,1688249525,1c874dcb1cc790d45772509bed0e7d7bd8396ca0f72ed76025296496,1663
2023,1705614300,2024-01-18,462,iBTC,1677832622,63aade055d90301cd816870ee5a3c9fc67d769274b8633e7a7893f05,254628
2024,1705614300,2024-01-18,462,iBTC,1675554352,a249e0d4dab1b164dd033043cbabdf204b34f7ecbdb994bec90d7216,17945
2025,1705614300,2024-01-18,462,iBTC,1670053205,b01f0c44e67df1b4b6554d0e86a6b3d2529cdabb099bb8cba9af32f9,117650
2026,1705614300,2024-01-18,462,iBTC,1679806183,c590affd526db47b19bcb411793bba5d639c1f5885fafc47838cd22e,223727
2027,1705614300,2024-01-18,462,iBTC,1691623435,bcd7d0e8839b24551996bbec8f229f4f6788f31974b86088e50cc325,39989
2028,1705614300,2024-01-18,462,iBTC,1672832801,ef375afc54458f274bd07dec902e981a581fb46d4ab6d996e40b5bb0,12900
2029,1705614300,2024-01-18,462,iBTC,1685390987,95fa00657c1613aa2f6a3ff39b636d93ae3106ec72498d3e39b0fa8e,89596
2030,1705614300,2024-01-18,462,iBTC,1676561480,a485b6436c9f49a331655fa1574405c3e9bb1ead65e84b91f28fe826,770379
2031,1705614300,2024-01-18,462,iBTC,1692136716,226efff56376642abcea869757e787dbe8916c694dc8ea69be81d4d3,1411
2032,1705614300,2024-01-18,462,iBTC,1689534769,92d729404cabcad2f8d5de02c9757d15662aea7a92b9bb2b24647e8d,117143
2033,1705614300,2024-01-18,462,iBTC,1705163837,0f444e0062d2fe9becc2db61d1a5d7ad41ca20a512a5a486e9e4dd5a,124625
2034,1705614300,2024-01-18,462,iBTC,1699290605,ff459cbd1daf01031d056e85b0495b66ae7167dca9cbfa0f6a77b73c,152536
2035,1705614300,2024-01-18,462,iBTC,1688517037,efc55477cca027cbb12c7ae0df08a7730b258856c7ec5ac6c4759003,2163553
2036,1705614300,2024-01-18,462,iBTC,1686668533,37659fd936489ba08c0f7122f30d034594d20804392ba14cd2a6d362,599
2037,1705614300,2024-01-18,462,iBTC,1703996423,196cd16600e1cf697fc00346965778a2d6ec27923846cde76851ae6e,264923
2038,1705614300,2024-01-18,462,iBTC,1676487034,aee02fa77ebc7ddf3c93a8d3afe0d44d94a9d81d4d26684c49f25cf2,12390
2039,1705614300,2024-01-18,462,iBTC,1696479200,528322993c2dcfc6256101f35cd17ef0a2893c840ca2c84d153cb61b,24442
2040,1705614300,2024-01-18,462,iBTC,1687670743,bc12846dfe29fb17207d6e11b98fdda7201679227d46d744de5574e8,6150
2041,1705614300,2024-01-18,462,iBTC,1674156321,f6f4381664083197aade59849d7d90493799c00ac314bd28eb6a1096,487082
2042,1705614300,2024-01-18,462,iBTC,1705214686,740e330371b2ae92c180fb13af5d1fe73e247bef1cf7e877701b2073,163481
2043,1705614300,2024-01-18,462,iBTC,1679986551,10b776dcc1840a0606e0cad33d6641d643d7e13ace69c9646edf99dd,532398
2044,1705614300,2024-01-18,462,iBTC,1694803074,01da9d4fea55755b1bd3017417aeae4b69e15fda2bbdb49d739351ff,11303
2045,1705614300,2024-01-18,462,iBTC,1676707533,d171c764b68e3006a17366dbbd2b5b1d1641e584991c8524ac72458f,18239
2046,1705614300,2024-01-18,462,iBTC,1705239020,639951a7c325ca2900b17d873b647d543333bc0a9b13005e542f542c,25291
2047,1705614300,2024-01-18,462,iBTC,1679252064,c3f7cbf63fbe8af505359cd58974c2d367282c0fa3917791e14a86a8,8406
2048,1705614300,2024-01-18,462,iBTC,1705080939,725fca12f5495b2d9c9be40376355bb56f673261a0c0fefcc0e83128,28142
2049,1705614300,2024-01-18,462,iBTC,1695042116,815fbda2445993f02e75d4f6af38e7d9c0e61e1d3578b4bf71c71e55,28400
2050,1705614300,2024-01-18,462,iBTC,1689519883,b1f1b061e51ad6f7a28f63f6f6e8928ae397a229eb37eb968bce611d,31519
2051,1705614300,2024-01-18,462,iBTC,1698253601,539de384fd00d19831a9dee138ad807d7e13186e72ad923bf05759c6,11148
2052,1705614300,2024-01-18,462,iBTC,1705252969,9db243a7e888d3c4502e1c2d863a1d7314f8d3dd37a55e9a6d8006c0,17005
2053,1705614300,2024-01-18,462,iBTC,1688468280,611d8b0630ae6010daa86863dbebda9d75d83c77a3f9799153c03091,62183
2054,1705614300,2024-01-18,462,iBTC,1679167159,f5fc2163bd928f1bd4be6463323d1341eb5709ad2fc7780f3a0110bf,2189739
2055,1705614300,2024-01-18,462,iBTC,1689880076,e369f9a894744f3c1bf4e714426f0e9753cdcab22a9cf0ab620bd642,1046445
2056,1705614300,2024-01-18,462,iBTC,1688166765,343a6e2b66f769abf99ad58bc6425690fd647ea7221a738a55d94bd6,37763
2057,1705614300,2024-01-18,462,iBTC,1686676766,d60e724de921571ec9a732fad7ec0673fb9665e2b41040cfc8193289,65508
2058,1705614300,2024-01-18,462,iBTC,1702522151,12c5eb1e10904002ac23e23e7f3c468afb5d11f9c1f89758bbef8430,10830
2059,1705614300,2024-01-18,462,iBTC,1705269871,fc8d863f2c270f088202f7ab56124fc724c1c058d5fa2e1dc3cbf759,171610
2060,1705614300,2024-01-18,462,iBTC,1701147660,d75926e3c5cb3646509cb228398df1e1f255ce44cfda683d3342b03f,9824
2061,1705614300,2024-01-18,462,iBTC,1685182295,2170acba5d68a11a0c3fdf0e6f0b76284d166441c3306076a8868a2d,4352
2062,1705614300,2024-01-18,462,iBTC,1703900886,b7f51b88a61786a3797174e480ef60461b0ed6fcdf010a01aa6e7b38,12614
2063,1705614300,2024-01-18,462,iBTC,1690924179,3657a92f82da5d852f3757b0d144117b3fce7353181e8a8202843d54,1087974
2064,1705614300,2024-01-18,462,iBTC,1687918286,becf6035f52fa35d5d7a8731b2c5dbc11c044c40fe202181aa28cfc1,425594
2065,1705614300,2024-01-18,462,iBTC,1705288868,970a0459a27ca26d10bed7676cf78fddca4c017877f5973a948a97f4,3320
2066,1705614300,2024-01-18,462,iBTC,1679171934,ff8c28d4272bc3688bfc79b6acbe73b24577851e0b4e422ef2198977,693081
2067,1705614300,2024-01-18,462,iBTC,1687904761,f4d2cd5b06c42740805070280540bda96165b3b3c3129319b0cb61d8,9574
2068,1705614300,2024-01-18,462,iBTC,1705319658,2decc35e194455d17738a159917e2f3f19564880963cf96878b0f14b,100953
2069,1705614300,2024-01-18,462,iBTC,1704908848,43554050d4b81197d15d448aa81b825612a4fef4cba3b48ba25be4e4,46364
2070,1705614300,2024-01-18,462,iBTC,1691938116,878c6006173f9d113f53ba6169317039743808f62e25f539418ba4af,121952
2071,1705614300,2024-01-18,462,iBTC,1692319304,055973d3eb6ea05afa794d45503de1f84af84eecec770f487a736f87,11612
2072,1705614300,2024-01-18,462,iBTC,1705330621,27e19a4d47b49657009c6265473dd7191ec0908bdcffdc0fe37ee348,71946
2073,1705614300,2024-01-18,462,iBTC,1689371694,9a87e01b2fc854b5c7c70267da8f3ed2d1343329aa8e86efde7748aa,392889
2074,1705614300,2024-01-18,462,iBTC,1689764691,f130e5b0b9c5180b75bc9b2bfa96fa6ab7d269e4534765800d08aa06,33726
2075,1705614300,2024-01-18,462,iBTC,1703264245,cdc1d2b723311b51f6085a3038ee5deced3ca709c32a689313f8ff7e,19890
2076,1705614300,2024-01-18,462,iBTC,1698049984,25f2b6e8273673fa147f150644a62517d248bba31bbb8c35963fcb94,40302
2077,1705614300,2024-01-18,462,iBTC,1705358062,82a6535f052117d0da7389e9a81d47365da11b17aa96e2ae2fcdf7f3,7063
2078,1705614300,2024-01-18,462,iBTC,1698886298,619db89e32d3347ca98cb4718f91695154e3a3f7d383af693a4dabc8,730022
2079,1705614300,2024-01-18,462,iBTC,1704673908,4f9d7c1f4a01f4d0388a9ca2105c53fb022ffa081d5979e6b42c0b33,6392
2080,1705614300,2024-01-18,462,iBTC,1705362523,78cd8a0a3b2bd1b5d1a85f348849349a8d180b3bc180c9f5ea34c726,448189
2081,1705614300,2024-01-18,462,iBTC,1694906918,072569588caa5cdfcfc07a1bc6e8731d835f6a6f5c077d1d6dee0756,121438
2082,1705614300,2024-01-18,462,iBTC,1685626954,89a01cf2bd9ed786ec21c34dbcf0c12c30fb04e0b703f7aaa5493804,712910
2083,1705614300,2024-01-18,462,iBTC,1685414443,698ceb483c24a183e0a9efbb33b25789c41494082421f4df6c75803e,14453
2084,1705614300,2024-01-18,462,iBTC,1692466708,31735ce88157a4b959f5e404f69aa0a7ff6b9bd0cc3f28d39943e3d7,11367
2085,1705614300,2024-01-18,462,iBTC,1685460859,594b5cf4b90fa03498e94b259e4462f7b838acbb727e5fb27a1512a2,806231
2086,1705614300,2024-01-18,462,iBTC,1704918842,77c9c6f64b0539e5dd54cb2121f5072becb205eec40d68fc66f5944d,5502
2087,1705614300,2024-01-18,462,iBTC,1684123353,b6e7a0d5545a3c9f3d826332b90027b303e45852eb3593bcb8f12883,400000
2088,1705614300,2024-01-18,462,iBTC,1669262412,623f00f49ed872b8fde76a4d5520f4ff63e50dec00b938701fe2aedd,2507
2089,1705614300,2024-01-18,462,iBTC,1695032310,d643e544ab30611b757fd5926602f6f693d573f4c0005d0b46aab1f2,238854
2090,1705614300,2024-01-18,462,iBTC,1672055881,c8d94edd54ac158df872778b972b3d9f230b77294e9688e7fa3d3302,2148114
2091,1705614300,2024-01-18,462,iBTC,1687368960,865175c4867e096c4bc73e6064dbd2e9bacb181c5f660c340be7a531,186834
2092,1705614300,2024-01-18,462,iBTC,1702985840,962c4eb8878752bb4cb059d2565b018874e6f566f31f124fd1bfc07f,49915
2093,1705614300,2024-01-18,462,iBTC,1674663121,117a220650f577db973565412c705745e0cac69c796d137e977267a0,7802
2094,1705614300,2024-01-18,462,iBTC,1702399989,c473c69ff5928bb95991f034fccb41317c4b06e3e00e0f49d3db0bf8,35581
2095,1705614300,2024-01-18,462,iBTC,1692504744,bfafa728e2977bfd051374321b88dc56458b666ab3b45151b201e2c2,70787
2096,1705614300,2024-01-18,462,iBTC,1691180457,9bf929588ad1b309c5d14b29ac278dba301bf1eab59af4c29b68f807,954937
2097,1705614300,2024-01-18,462,iBTC,1693818172,4f095e6f77102062c2f13d752ee14be370903fb1ef45006369c45fcd,256488
2098,1705614300,2024-01-18,462,iBTC,1704899745,80ac8f4e98317f8d057ea886be5b749bee2febd6a4252935b38d8e74,387349
2099,1705614300,2024-01-18,462,iBTC,1687059818,dbf5237efea8d4014dd9dd124d0c1f8798e92e1e2016cf670eaf1424,5916
2100,1705614300,2024-01-18,462,iBTC,1678198181,9204bc66b5075a98249a520231b5c28315f603e80410c19e79b79739,511484
2101,1705614300,2024-01-18,462,iBTC,1698997547,de2a8cff6c78c288d773ab81922299603cf7510b2e1d6dd4f9add258,486463
2102,1705614300,2024-01-18,462,iBTC,1702518933,f268117336d29c1e679d9d24b592f200f944e2df746d494dffdfbda3,21050
2103,1705614300,2024-01-18,462,iBTC,1677830444,690b0a92962d8e5940212f11e4e414db2a6a773f06923adaa063bf7a,741340
2104,1705614300,2024-01-18,462,iBTC,1687300755,d1660b25e17cb23c44f9161fd71df2a4e847f5b1e0b23a4bae71423a,4276339
2105,1705614300,2024-01-18,462,iBTC,1676604069,d94f9bc0ffe11ad1005b22a6e5c2b471b29c53510aa81514fc24d95a,106513
2106,1705614300,2024-01-18,462,iBTC,1704933429,97abddf0ccc26df60a24679fe7080de9ead18fa0d973a115ce072ca8,143781
2107,1705614300,2024-01-18,462,iBTC,1691611761,91a484d734334a3069b53ae5373393a8ea8f93d88627670c00f8e8f9,103817
2108,1705614300,2024-01-18,462,iBTC,1688142087,3ff27f47760d508cbc7e9db201e9fa0a985717f9cbfd307d429ba670,232344
2109,1705614300,2024-01-18,462,iBTC,1699886603,d71d2c73bf46e63af6cc3573fbc0c677840418453c6920b0b39d1d64,366
2110,1705614300,2024-01-18,462,iBTC,1698945460,abd768ffa460e4578bd7a72296552532e2e463ac8727396b752aeef9,27011
2111,1705614300,2024-01-18,462,iBTC,1705488071,b19d4ad9096a58f150df5ded2b337eb4c01c83cdd84ac9646cf7d8ad,17964
2112,1705614300,2024-01-18,462,iBTC,1702530745,d1882ca554874870c770e72a9c9c1367e26c4e8bdb161829f8273c42,132441
2113,1705614300,2024-01-18,462,iBTC,1690165528,fa9b92b3f0c4a0a756c6d39c8e7015bdb593ca4c4e3f051b10d5eaa5,94757
2114,1705614300,2024-01-18,462,iBTC,1699438032,26e78ce37e00827ccd46cc9f6affef685479c8a113545c7cd97effd8,350
2115,1705614300,2024-01-18,462,iBTC,1687447875,9465c0a617ef9e96e745ed622dd5c9d5e4fa0401b31126ad135727c7,61917
2116,1705614300,2024-01-18,462,iBTC,1686304344,e1dabf1e8691c018fda047487415acf4ed06b874cc7e2bb639dd1845,862
2117,1705614300,2024-01-18,462,iBTC,1681244971,35fc0d9a0b03f48768465620b16a3d5902a30dab99d4a7d2c08add5c,1631806
2118,1705614300,2024-01-18,462,iBTC,1689298561,824f1b5399d6885e6330925fcba1472da21731a3d9f33802dd308f7f,15959
2119,1705614300,2024-01-18,462,iBTC,1705550647,09a13fae308e683557d08c791983a94cba79e0742a812fc936b46a40,120749
2120,1705614300,2024-01-18,462,iBTC,1697657284,1ade07a13bcca49b9b490df1d3c1d6ba7e32c76d9b00622bab834449,19457
2121,1705614300,2024-01-18,462,iBTC,1688684866,c3945d89b9f99ee385a09971bc4d7bdeedf5e6f809f8f72816ddd692,18551
2122,1705614300,2024-01-18,462,iBTC,1681301586,6d74a578d02399914e6e91e30fcc0cb11157d6bb8bfa11e27c1f067f,903072
2123,1705614300,2024-01-18,462,iBTC,1702087517,2a9f1bd42a3c77c2f95d5a18853f3c4a0c351603da536445676f5d59,794490
2124,1705614300,2024-01-18,462,iBTC,1697450215,717d5f74b471f0e3fd390474d682ad56ad801796ddb32b065a503000,2084
2125,1705614300,2024-01-18,462,iBTC,1702262623,133fa5009fd6d251f24e0e45ecdd7667dd832619f86ececb920451e3,385716
2126,1705614300,2024-01-18,462,iBTC,1684261475,46f432395436e794072253949200551e75e28ef2bf1d3e960edcdf2f,2769755
2127,1705614300,2024-01-18,462,iBTC,1704138429,1963b5ab6f769a71f6412e6f588f7c8df6115389be4c34dff456b529,1250000
2128,1705614300,2024-01-18,462,iBTC,1682161730,c72d1e782124b7a5b2ddd16fcce4fb1909d968ae6540dc87e6dd63ae,4765
2129,1705614300,2024-01-18,462,iBTC,1690357777,d4bed2ddaa7dfa8f582a33dae7d0f0e0dca95bc6a7d9674807386af3,5461
2130,1705614300,2024-01-18,462,iBTC,1673419477,bf97ad99b5269c15e3726290f95f0fc0ec8dbada31183778548d9da0,936578
2131,1705614300,2024-01-18,462,iBTC,1688420483,0da3cacef17d65df4ab3d98a21d5d8ef52ef3f813b35b46e9ac4e562,3270065
